0.0000055595 
0.0000056831 
0.0000058094 
0.0000059383 
0.0000060700 
0.0000062044 
0.0000063417 
0.0000064819 
0.0000066251 
0.0000067714 
0.0000069207 
0.0000070731 
0.0000072288 
0.0000073877 
0.0000075500 
0.0000077157 
0.0000078849 
0.0000080576 
0.0000082340 
0.0000084140 
0.0000085978 
0.0000087855 
0.0000089770 
0.0000091726 
0.0000093722 
0.0000095760 
0.0000097840 
0.0000099964 
0.0000102131 
0.0000104343 
0.0000106601 
0.0000108906 
0.0000111258 
0.0000113659 
0.0000116110 
0.0000118611 
0.0000121163 
0.0000123768 
0.0000126426 
0.0000129139 
0.0000131907 
0.0000134732 
0.0000137614 
0.0000140556 
0.0000143557 
0.0000146620 
0.0000149745 
0.0000152934 
0.0000156187 
0.0000159507 
0.0000162893 
0.0000166349 
0.0000169874 
0.0000173470 
0.0000177139 
0.0000180882 
0.0000184701 
0.0000188596 
0.0000192569 
0.0000196623 
0.0000200757 
0.0000204975 
0.0000209276 
0.0000213664 
0.0000218140 
0.0000222704 
0.0000227360 
0.0000232109 
0.0000236952 
0.0000241891 
0.0000246928 
0.0000252065 
0.0000257303 
0.0000262646 
0.0000268093 
0.0000273649 
0.0000279314 
0.0000285090 
0.0000290980 
0.0000296986 
0.0000303110 
0.0000309354 
0.0000315720 
0.0000322211 
0.0000328828 
0.0000335575 
0.0000342453 
0.0000349466 
0.0000356615 
0.0000363902 
0.0000371332 
0.0000378905 
0.0000386625 
0.0000394495 
0.0000402516 
0.0000410693 
0.0000419027 
0.0000427522 
0.0000436180 
0.0000445005 
0.0000453999 
0.0000463166 
0.0000472508 
0.0000482030 
0.0000491733 
0.0000501621 
0.0000511699 
0.0000521968 
0.0000532432 
0.0000543096 
0.0000553962 
0.0000565034 
0.0000576316 
0.0000587811 
0.0000599524 
0.0000611458 
0.0000623617 
0.0000636005 
0.0000648626 
0.0000661484 
0.0000674584 
0.0000687929 
0.0000701524 
0.0000715374 
0.0000729483 
0.0000743855 
0.0000758495 
0.0000773407 
0.0000788597 
0.0000804069 
0.0000819829 
0.0000835880 
0.0000852229 
0.0000868881 
0.0000885839 
0.0000903111 
0.0000920701 
0.0000938615 
0.0000956859 
0.0000975437 
0.0000994356 
0.0001013622 
0.0001033241 
0.0001053218 
0.0001073560 
0.0001094273 
0.0001115364 
0.0001136838 
0.0001158702 
0.0001180963 
0.0001203628 
0.0001226703 
0.0001250196 
0.0001274113 
0.0001298462 
0.0001323249 
0.0001348483 
0.0001374171 
0.0001400319 
0.0001426937 
0.0001454032 
0.0001481612 
0.0001509684 
0.0001538258 
0.0001567341 
0.0001596942 
0.0001627069 
0.0001657732 
0.0001688939 
0.0001720699 
0.0001753021 
0.0001785914 
0.0001819388 
0.0001853453 
0.0001888118 
0.0001923392 
0.0001959286 
0.0001995811 
0.0002032975 
0.0002070790 
0.0002109267 
0.0002148415 
0.0002188246 
0.0002228771 
0.0002270001 
0.0002311948 
0.0002354622 
0.0002398037 
0.0002442203 
0.0002487132 
0.0002532838 
0.0002579332 
0.0002626627 
0.0002674735 
0.0002723670 
0.0002773445 
0.0002824074 
0.0002875568 
0.0002927944 
0.0002981213 
0.0003035391 
0.0003090492 
0.0003146530 
0.0003203521 
0.0003261478 
0.0003320417 
0.0003380354 
0.0003441304 
0.0003503282 
0.0003566306 
0.0003630391 
0.0003695554 
0.0003761811 
0.0003829179 
0.0003897676 
0.0003967318 
0.0004038125 
0.0004110112 
0.0004183300 
0.0004257705 
0.0004333348 
0.0004410246 
0.0004488418 
0.0004567885 
0.0004648666 
0.0004730781 
0.0004814250 
0.0004899094 
0.0004985334 
0.0005072990 
0.0005162084 
0.0005252638 
0.0005344673 
0.0005438212 
0.0005533278 
0.0005629893 
0.0005728080 
0.0005827863 
0.0005929266 
0.0006032312 
0.0006137027 
0.0006243434 
0.0006351559 
0.0006461428 
0.0006573066 
0.0006686499 
0.0006801753 
0.0006918856 
0.0007037833 
0.0007158714 
0.0007281525 
0.0007406295 
0.0007533053 
0.0007661826 
0.0007792645 
0.0007925539 
0.0008060539 
0.0008197673 
0.0008336974 
0.0008478473 
0.0008622201 
0.0008768190 
0.0008916472 
0.0009067081 
0.0009220049 
0.0009375411 
0.0009533199 
0.0009693450 
0.0009856197 
0.0010021476 
0.0010189323 
0.0010359773 
0.0010532865 
0.0010708634 
0.0010887119 
0.0011068358 
0.0011252388 
0.0011439249 
0.0011628981 
0.0011821624 
0.0012017217 
0.0012215802 
0.0012417421 
0.0012622114 
0.0012829926 
0.0013040897 
0.0013255073 
0.0013472497 
0.0013693214 
0.0013917268 
0.0014144705 
0.0014375572 
0.0014609914 
0.0014847780 
0.0015089217 
0.0015334273 
0.0015582997 
0.0015835439 
0.0016091648 
0.0016351676 
0.0016615573 
0.0016883391 
0.0017155183 
0.0017431002 
0.0017710902 
0.0017994936 
0.0018283159 
0.0018575627 
0.0018872397 
0.0019173524 
0.0019479066 
0.0019789082 
0.0020103630 
0.0020422768 
0.0020746558 
0.0021075060 
0.0021408336 
0.0021746447 
0.0022089456 
0.0022437426 
0.0022790422 
0.0023148509 
0.0023511752 
0.0023880217 
0.0024253971 
0.0024633083 
0.0025017620 
0.0025407652 
0.0025803248 
0.0026204480 
0.0026611418 
0.0027024135 
0.0027442705 
0.0027867200 
0.0028297696 
0.0028734267 
0.0029176990 
0.0029625941 
0.0030081199 
0.0030542843 
0.0031010950 
0.0031485602 
0.0031966880 
0.0032454866 
0.0032949641 
0.0033451291 
0.0033959898 
0.0034475550 
0.0034998331 
0.0035528329 
0.0036065631 
0.0036610327 
0.0037162507 
0.0037722260 
0.0038289679 
0.0038864855 
0.0039447883 
0.0040038856 
0.0040637869 
0.0041245020 
0.0041860404 
0.0042484121 
0.0043116268 
0.0043756946 
0.0044406257 
0.0045064301 
0.0045731181 
0.0046407003 
0.0047091870 
0.0047785888 
0.0048489165 
0.0049201808 
0.0049923926 
0.0050655630 
0.0051397029 
0.0052148237 
0.0052909366 
0.0053680530 
0.0054461845 
0.0055253427 
0.0056055394 
0.0056867862 
0.0057690953 
0.0058524787 
0.0059369485 
0.0060225170 
0.0061091966 
0.0061969998 
0.0062859393 
0.0063760277 
0.0064672778 
0.0065597027 
0.0066533153 
0.0067481290 
0.0068441569 
0.0069414125 
0.0070399092 
0.0071396609 
0.0072406811 
0.0073429838 
0.0074465831 
0.0075514929 
0.0076577276 
0.0077653015 
0.0078742290 
0.0079845249 
0.0080962038 
0.0082092805 
0.0083237700 
0.0084396875 
0.0085570481 
0.0086758671 
0.0087961601 
0.0089179427 
0.0090412305 
0.0091660393 
0.0092923853 
0.0094202844 
0.0095497529 
0.0096808071 
0.0098134636 
0.0099477389 
0.0100836498 
0.0102212131 
0.0103604459 
0.0105013653 
0.0106439886 
0.0107883331 
0.0109344164 
0.0110822561 
0.0112318701 
0.0113832762 
0.0115364926 
0.0116915374 
0.0118484289 
0.0120071857 
0.0121678263 
0.0123303694 
0.0124948340 
0.0126612390 
0.0128296036 
0.0129999470 
0.0131722887 
0.0133466482 
0.0135230452 
0.0137014995 
0.0138820311 
0.0140646602 
0.0142494068 
0.0144362915 
0.0146253347 
0.0148165571 
0.0150099795 
0.0152056228 
0.0154035081 
0.0156036565 
0.0158060895 
0.0160108286 
0.0162178953 
0.0164273114 
0.0166390989 
0.0168532797 
0.0170698761 
0.0172889104 
0.0175104051 
0.0177343827 
0.0179608660 
0.0181898779 
0.0184214414 
0.0186555797 
0.0188923160 
0.0191316739 
0.0193736768 
0.0196183486 
0.0198657130 
0.0201157940 
0.0203686159 
0.0206242028 
0.0208825792 
0.0211437696 
0.0214077987 
0.0216746913 
0.0219444724 
0.0222171670 
0.0224928005 
0.0227713981 
0.0230529854 
0.0233375880 
0.0236252317 
0.0239159423 
0.0242097460 
0.0245066689 
0.0248067372 
0.0251099775 
0.0254164164 
0.0257260804 
0.0260389965 
0.0263551916 
0.0266746928 
0.0269975273 
0.0273237224 
0.0276533058 
0.0279863049 
0.0283227475 
0.0286626614 
0.0290060747 
0.0293530154 
0.0297035117 
0.0300575921 
0.0304152850 
0.0307766190 
0.0311416228 
0.0315103253 
0.0318827553 
0.0322589421 
0.0326389147 
0.0330227025 
0.0334103349 
0.0338018414 
0.0341972516 
0.0345965954 
0.0349999026 
0.0354072032 
0.0358185272 
0.0362339049 
0.0366533665 
0.0370769424 
0.0375046633 
0.0379365595 
0.0383726620 
0.0388130014 
0.0392576088 
0.0397065150 
0.0401597512 
0.0406173485 
0.0410793384 
0.0415457520 
0.0420166210 
0.0424919769 
0.0429718512 
0.0434562758 
0.0439452824 
0.0444389030 
0.0449371694 
0.0454401138 
0.0459477683 
0.0464601650 
0.0469773363 
0.0474993145 
0.0480261320 
0.0485578213 
0.0490944149 
0.0496359455 
0.0501824457 
0.0507339483 
0.0512904861 
0.0518520919 
0.0524187986 
0.0529906392 
0.0535676467 
0.0541498541 
0.0547372946 
0.0553300012 
0.0559280073 
0.0565313459 
0.0571400504 
0.0577541541 
0.0583736903 
0.0589986923 
0.0596291936 
0.0602652275 
0.0609068275 
0.0615540271 
0.0622068597 
0.0628653589 
0.0635295581 
0.0641994908 
0.0648751906 
0.0655566909 
0.0662440255 
0.0669372276 
0.0676363310 
0.0683413690 
0.0690523753 
0.0697693833 
0.0704924265 
0.0712215384 
0.0719567525 
0.0726981022 
0.0734456208 
0.0741993418 
0.0749592985 
0.0757255242 
0.0764980522 
0.0772769157 
0.0780621480 
0.0788537822 
0.0796518513 
0.0804563884 
0.0812674266 
0.0820849986 
0.0829091375 
0.0837398759 
0.0845772467 
0.0854212825 
0.0862720158 
0.0871294792 
0.0879937051 
0.0888647258 
0.0897425736 
0.0906272807 
0.0915188790 
0.0924174006 
0.0933228773 
0.0942353408 
0.0951548228 
0.0960813549 
0.0970149683 
0.0979556944 
0.0989035645 
0.0998586094 
0.1008208600 
0.1017903473 
0.1027671017 
0.1037511537 
0.1047425337 
0.1057412719 
0.1067473982 
0.1077609426 
0.1087819347 
0.1098104040 
0.1108463800 
0.1118898918 
0.1129409684 
0.1139996387 
0.1150659312 
0.1161398745 
0.1172214967 
0.1183108259 
0.1194078900 
0.1205127166 
0.1216253331 
0.1227457667 
0.1238740445 
0.1250101931 
0.1261542392 
0.1273062090 
0.1284661286 
0.1296340238 
0.1308099202 
0.1319938432 
0.1331858177 
0.1343858687 
0.1355940206 
0.1368102978 
0.1380347243 
0.1392673238 
0.1405081198 
0.1417571354 
0.1430143935 
0.1442799167 
0.1455537274 
0.1468358475 
0.1481262986 
0.1494251022 
0.1507322794 
0.1520478508 
0.1533718368 
0.1547042576 
0.1560451329 
0.1573944821 
0.1587523243 
0.1601186782 
0.1614935621 
0.1628769942 
0.1642689919 
0.1656695727 
0.1670787535 
0.1684965507 
0.1699229806 
0.1713580589 
0.1728018010 
0.1742542220 
0.1757153364 
0.1771851585 
0.1786637020 
0.1801509803 
0.1816470065 
0.1831517930 
0.1846653520 
0.1861876952 
0.1877188339 
0.1892587789 
0.1908075406 
0.1923651289 
0.1939315533 
0.1955068230 
0.1970909464 
0.1986839317 
0.2002857865 
0.2018965180 
0.2035161329 
0.2051446375 
0.2067820374 
0.2084283379 
0.2100835437 
0.2117476592 
0.2134206880 
0.2151026334 
0.2167934981 
0.2184932844 
0.2202019939 
0.2219196277 
0.2236461866 
0.2253816706 
0.2271260794 
0.2288794118 
0.2306416665 
0.2324128414 
0.2341929338 
0.2359819405 
0.2377798579 
0.2395866817 
0.2414024068 
0.2432270280 
0.2450605392 
0.2469029338 
0.2487542046 
0.2506143439 
0.2524833432 
0.2543611936 
0.2562478856 
0.2581434089 
0.2600477529 
0.2619609060 
0.2638828564 
0.2658135914 
0.2677530978 
0.2697013617 
0.2716583686 
0.2736241034 
0.2755985503 
0.2775816930 
0.2795735144 
0.2815739968 
0.2835831219 
0.2856008707 
0.2876272235 
0.2896621602 
0.2917056596 
0.2937577003 
0.2958182599 
0.2978873155 
0.2999648434 
0.3020508193 
0.3041452183 
0.3062480146 
0.3083591820 
0.3104786935 
0.3126065212 
0.3147426368 
0.3168870113 
0.3190396147 
0.3212004166 
0.3233693858 
0.3255464904 
0.3277316978 
0.3299249746 
0.3321262870 
0.3343356000 
0.3365528784 
0.3387780858 
0.3410111856 
0.3432521399 
0.3455009107 
0.3477574587 
0.3500217442 
0.3522937269 
0.3545733653 
0.3568606177 
0.3591554413 
0.3614577928 
0.3637676279 
0.3660849019 
0.3684095692 
0.3707415833 
0.3730808973 
0.3754274633 
0.3777812328 
0.3801421566 
0.3825101845 
0.3848852658 
0.3872673491 
0.3896563820 
0.3920523117 
0.3944550843 
0.3968646454 
0.3992809398 
0.4017039116 
0.4041335041 
0.4065696597 
0.4090123205 
0.4114614273 
0.4139169207 
0.4163787401 
0.4188468245 
0.4213211119 
0.4238015397 
0.4262880447 
0.4287805626 
0.4312790287 
0.4337833774 
0.4362935423 
0.4388094565 
0.4413310522 
0.4438582608 
0.4463910131 
0.4489292392 
0.4514728684 
0.4540218293 
0.4565760496 
0.4591354566 
0.4616999767 
0.4642695355 
0.4668440580 
0.4694234685 
0.4720076905 
0.4745966470 
0.4771902599 
0.4797884507 
0.4823911401 
0.4849982482 
0.4876096943 
0.4902253969 
0.4928452740 
0.4954692429 
0.4980972201 
0.5007291214 
0.5033648620 
0.5060043565 
0.5086475187 
0.5112942617 
0.5139444979 
0.5165981394 
0.5192550971 
0.5219152816 
0.5245786028 
0.5272449699 
0.5299142913 
0.5325864751 
0.5352614285 
0.5379390582 
0.5406192701 
0.5433019697 
0.5459870617 
0.5486744503 
0.5513640391 
0.5540557309 
0.5567494281 
0.5594450325 
0.5621424452 
0.5648415667 
0.5675422971 
0.5702445358 
0.5729481815 
0.5756531326 
0.5783592868 
0.5810665412 
0.5837747924 
0.5864839365 
0.5891938690 
0.5919044850 
0.5946156789 
0.5973273446 
0.6000393756 
0.6027516648 
0.6054641046 
0.6081765870 
0.6108890035 
0.6136012450 
0.6163132019 
0.6190247644 
0.6217358220 
0.6244462637 
0.6271559783 
0.6298648540 
0.6325727786 
0.6352796394 
0.6379853234 
0.6406897171 
0.6433927066 
0.6460941776 
0.6487940156 
0.6514921054 
0.6541883317 
0.6568825786 
0.6595747301 
0.6622646695 
0.6649522802 
0.6676374449 
0.6703200460 
0.6729999659 
0.6756770863 
0.6783512889 
0.6810224549 
0.6836904652 
0.6863552007 
0.6890165417 
0.6916743684 
0.6943285608 
0.6969789985 
0.6996255609 
0.7022681274 
0.7049065769 
0.7075407882 
0.7101706399 
0.7127960103 
0.7154167779 
0.7180328205 
0.7206440161 
0.7232502424 
0.7258513770 
0.7284472974 
0.7310378808 
0.7336230046 
0.7362025458 
0.7387763814 
0.7413443884 
0.7439064435 
0.7464624236 
0.7490122054 
0.7515556655 
0.7540926806 
0.7566231272 
0.7591468819 
0.7616638213 
0.7641738220 
0.7666767605 
0.7691725133 
0.7716609572 
0.7741419688 
0.7766154247 
0.7790812018 
0.7815391769 
0.7839892268 
0.7864312287 
0.7888650595 
0.7912905965 
0.7937077171 
0.7961162986 
0.7985162188 
0.8009073552 
0.8032895859 
0.8056627890 
0.8080268426 
0.8103816252 
0.8127270156 
0.8150628925 
0.8173891351 
0.8197056226 
0.8220122347 
0.8243088511 
0.8265953520 
0.8288716176 
0.8311375287 
0.8333929661 
0.8356378112 
0.8378719454 
0.8400952506 
0.8423076091 
0.8445089034 
0.8466990164 
0.8488778315 
0.8510452322 
0.8532011027 
0.8553453273 
0.8574777910 
0.8595983790 
0.8617069770 
0.8638034711 
0.8658877481 
0.8679596948 
0.8700191988 
0.8720661481 
0.8741004313 
0.8761219372 
0.8781305554 
0.8801261760 
0.8821086894 
0.8840779867 
0.8860339596 
0.8879765003 
0.8899055015 
0.8918208566 
0.8937224595 
0.8956102048 
0.8974839875 
0.8993437035 
0.9011892491 
0.9030205214 
0.9048374180 
0.9066398373 
0.9084276782 
0.9102008405 
0.9119592244 
0.9137027310 
0.9154312621 
0.9171447202 
0.9188430084 
0.9205260306 
0.9221936914 
0.9238458964 
0.9254825517 
0.9271035641 
0.9287088415 
0.9302982922 
0.9318718255 
0.9334293517 
0.9349707814 
0.9364960265 
0.9380049995 
0.9394976138 
0.9409737835 
0.9424334238 
0.9438764506 
0.9453027807 
0.9467123316 
0.9481050222 
0.9494807716 
0.9508395004 
0.9521811297 
0.9535055817 
0.9548127796 
0.9561026473 
0.9573751099 
0.9586300931 
0.9598675239 
0.9610873300 
0.9622894404 
0.9634737846 
0.9646402935 
0.9657888987 
0.9669195330 
0.9680321301 
0.9691266247 
0.9702029525 
0.9712610503 
0.9723008558 
0.9733223079 
0.9743253463 
0.9753099120 
0.9762759469 
0.9772233941 
0.9781521974 
0.9790623021 
0.9799536543 
0.9808262012 
0.9816798913 
0.9825146740 
0.9833304997 
0.9841273201 
0.9849050878 
0.9856637568 
0.9864032819 
0.9871236192 
0.9878247258 
0.9885065601 
0.9891690814 
0.9898122503 
0.9904360285 
0.9910403788 
0.9916252651 
0.9921906526 
0.9927365076 
0.9932627974 
0.9937694906 
0.9942565570 
0.9947239674 
0.9951716939 
0.9955997098 
0.9960079893 
0.9963965082 
0.9967652431 
0.9971141720 
0.9974432740 
0.9977525294 
0.9980419195 
0.9983114272 
0.9985610363 
0.9987907318 
0.9990004998 
0.9991903280 
0.9993602048 
0.9995101200 
0.9996400648 
0.9997500312 
0.9998400128 
0.9999100040 
0.9999600008 
0.9999900000 
1.0000000000 
0.9999900000 
0.9999600008 
0.9999100040 
0.9998400128 
0.9997500312 
0.9996400648 
0.9995101200 
0.9993602048 
0.9991903280 
0.9990004998 
0.9987907318 
0.9985610363 
0.9983114272 
0.9980419195 
0.9977525294 
0.9974432740 
0.9971141720 
0.9967652431 
0.9963965082 
0.9960079893 
0.9955997098 
0.9951716939 
0.9947239674 
0.9942565570 
0.9937694906 
0.9932627974 
0.9927365076 
0.9921906526 
0.9916252651 
0.9910403788 
0.9904360285 
0.9898122503 
0.9891690814 
0.9885065601 
0.9878247258 
0.9871236192 
0.9864032819 
0.9856637568 
0.9849050878 
0.9841273201 
0.9833304997 
0.9825146740 
0.9816798913 
0.9808262012 
0.9799536543 
0.9790623021 
0.9781521974 
0.9772233941 
0.9762759469 
0.9753099120 
0.9743253463 
0.9733223079 
0.9723008558 
0.9712610503 
0.9702029525 
0.9691266247 
0.9680321301 
0.9669195330 
0.9657888987 
0.9646402935 
0.9634737846 
0.9622894404 
0.9610873300 
0.9598675239 
0.9586300931 
0.9573751099 
0.9561026473 
0.9548127796 
0.9535055817 
0.9521811297 
0.9508395004 
0.9494807716 
0.9481050222 
0.9467123316 
0.9453027807 
0.9438764506 
0.9424334238 
0.9409737835 
0.9394976138 
0.9380049995 
0.9364960265 
0.9349707814 
0.9334293517 
0.9318718255 
0.9302982922 
0.9287088415 
0.9271035641 
0.9254825517 
0.9238458964 
0.9221936914 
0.9205260306 
0.9188430084 
0.9171447202 
0.9154312621 
0.9137027310 
0.9119592244 
0.9102008405 
0.9084276782 
0.9066398373 
0.9048374180 
0.9030205214 
0.9011892491 
0.8993437035 
0.8974839875 
0.8956102048 
0.8937224595 
0.8918208566 
0.8899055015 
0.8879765003 
0.8860339596 
0.8840779867 
0.8821086894 
0.8801261760 
0.8781305554 
0.8761219372 
0.8741004313 
0.8720661481 
0.8700191988 
0.8679596948 
0.8658877481 
0.8638034711 
0.8617069770 
0.8595983790 
0.8574777910 
0.8553453273 
0.8532011027 
0.8510452322 
0.8488778315 
0.8466990164 
0.8445089034 
0.8423076091 
0.8400952506 
0.8378719454 
0.8356378112 
0.8333929661 
0.8311375287 
0.8288716176 
0.8265953520 
0.8243088511 
0.8220122347 
0.8197056226 
0.8173891351 
0.8150628925 
0.8127270156 
0.8103816252 
0.8080268426 
0.8056627890 
0.8032895859 
0.8009073552 
0.7985162188 
0.7961162986 
0.7937077171 
0.7912905965 
0.7888650595 
0.7864312287 
0.7839892268 
0.7815391769 
0.7790812018 
0.7766154247 
0.7741419688 
0.7716609572 
0.7691725133 
0.7666767605 
0.7641738220 
0.7616638213 
0.7591468819 
0.7566231272 
0.7540926806 
0.7515556655 
0.7490122054 
0.7464624236 
0.7439064435 
0.7413443884 
0.7387763814 
0.7362025458 
0.7336230046 
0.7310378808 
0.7284472974 
0.7258513770 
0.7232502424 
0.7206440161 
0.7180328205 
0.7154167779 
0.7127960103 
0.7101706399 
0.7075407882 
0.7049065769 
0.7022681274 
0.6996255609 
0.6969789985 
0.6943285608 
0.6916743684 
0.6890165417 
0.6863552007 
0.6836904652 
0.6810224549 
0.6783512889 
0.6756770863 
0.6729999659 
0.6703200460 
0.6676374449 
0.6649522802 
0.6622646695 
0.6595747301 
0.6568825786 
0.6541883317 
0.6514921054 
0.6487940156 
0.6460941776 
0.6433927066 
0.6406897171 
0.6379853234 
0.6352796394 
0.6325727786 
0.6298648540 
0.6271559783 
0.6244462637 
0.6217358220 
0.6190247644 
0.6163132019 
0.6136012450 
0.6108890035 
0.6081765870 
0.6054641046 
0.6027516648 
0.6000393756 
0.5973273446 
0.5946156789 
0.5919044850 
0.5891938690 
0.5864839365 
0.5837747924 
0.5810665412 
0.5783592868 
0.5756531326 
0.5729481815 
0.5702445358 
0.5675422971 
0.5648415667 
0.5621424452 
0.5594450325 
0.5567494281 
0.5540557309 
0.5513640391 
0.5486744503 
0.5459870617 
0.5433019697 
0.5406192701 
0.5379390582 
0.5352614285 
0.5325864751 
0.5299142913 
0.5272449699 
0.5245786028 
0.5219152816 
0.5192550971 
0.5165981394 
0.5139444979 
0.5112942617 
0.5086475187 
0.5060043565 
0.5033648620 
0.5007291214 
0.4980972201 
0.4954692429 
0.4928452740 
0.4902253969 
0.4876096943 
0.4849982482 
0.4823911401 
0.4797884507 
0.4771902599 
0.4745966470 
0.4720076905 
0.4694234685 
0.4668440580 
0.4642695355 
0.4616999767 
0.4591354566 
0.4565760496 
0.4540218293 
0.4514728684 
0.4489292392 
0.4463910131 
0.4438582608 
0.4413310522 
0.4388094565 
0.4362935423 
0.4337833774 
0.4312790287 
0.4287805626 
0.4262880447 
0.4238015397 
0.4213211119 
0.4188468245 
0.4163787401 
0.4139169207 
0.4114614273 
0.4090123205 
0.4065696597 
0.4041335041 
0.4017039116 
0.3992809398 
0.3968646454 
0.3944550843 
0.3920523117 
0.3896563820 
0.3872673491 
0.3848852658 
0.3825101845 
0.3801421566 
0.3777812328 
0.3754274633 
0.3730808973 
0.3707415833 
0.3684095692 
0.3660849019 
0.3637676279 
0.3614577928 
0.3591554413 
0.3568606177 
0.3545733653 
0.3522937269 
0.3500217442 
0.3477574587 
0.3455009107 
0.3432521399 
0.3410111856 
0.3387780858 
0.3365528784 
0.3343356000 
0.3321262870 
0.3299249746 
0.3277316978 
0.3255464904 
0.3233693858 
0.3212004166 
0.3190396147 
0.3168870113 
0.3147426368 
0.3126065212 
0.3104786935 
0.3083591820 
0.3062480146 
0.3041452183 
0.3020508193 
0.2999648434 
0.2978873155 
0.2958182599 
0.2937577003 
0.2917056596 
0.2896621602 
0.2876272235 
0.2856008707 
0.2835831219 
0.2815739968 
0.2795735144 
0.2775816930 
0.2755985503 
0.2736241034 
0.2716583686 
0.2697013617 
0.2677530978 
0.2658135914 
0.2638828564 
0.2619609060 
0.2600477529 
0.2581434089 
0.2562478856 
0.2543611936 
0.2524833432 
0.2506143439 
0.2487542046 
0.2469029338 
0.2450605392 
0.2432270280 
0.2414024068 
0.2395866817 
0.2377798579 
0.2359819405 
0.2341929338 
0.2324128414 
0.2306416665 
0.2288794118 
0.2271260794 
0.2253816706 
0.2236461866 
0.2219196277 
0.2202019939 
0.2184932844 
0.2167934981 
0.2151026334 
0.2134206880 
0.2117476592 
0.2100835437 
0.2084283379 
0.2067820374 
0.2051446375 
0.2035161329 
0.2018965180 
0.2002857865 
0.1986839317 
0.1970909464 
0.1955068230 
0.1939315533 
0.1923651289 
0.1908075406 
0.1892587789 
0.1877188339 
0.1861876952 
0.1846653520 
0.1831517930 
0.1816470065 
0.1801509803 
0.1786637020 
0.1771851585 
0.1757153364 
0.1742542220 
0.1728018010 
0.1713580589 
0.1699229806 
0.1684965507 
0.1670787535 
0.1656695727 
0.1642689919 
0.1628769942 
0.1614935621 
0.1601186782 
0.1587523243 
0.1573944821 
0.1560451329 
0.1547042576 
0.1533718368 
0.1520478508 
0.1507322794 
0.1494251022 
0.1481262986 
0.1468358475 
0.1455537274 
0.1442799167 
0.1430143935 
0.1417571354 
0.1405081198 
0.1392673238 
0.1380347243 
0.1368102978 
0.1355940206 
0.1343858687 
0.1331858177 
0.1319938432 
0.1308099202 
0.1296340238 
0.1284661286 
0.1273062090 
0.1261542392 
0.1250101931 
0.1238740445 
0.1227457667 
0.1216253331 
0.1205127166 
0.1194078900 
0.1183108259 
0.1172214967 
0.1161398745 
0.1150659312 
0.1139996387 
0.1129409684 
0.1118898918 
0.1108463800 
0.1098104040 
0.1087819347 
0.1077609426 
0.1067473982 
0.1057412719 
0.1047425337 
0.1037511537 
0.1027671017 
0.1017903473 
0.1008208600 
0.0998586094 
0.0989035645 
0.0979556944 
0.0970149683 
0.0960813549 
0.0951548228 
0.0942353408 
0.0933228773 
0.0924174006 
0.0915188790 
0.0906272807 
0.0897425736 
0.0888647258 
0.0879937051 
0.0871294792 
0.0862720158 
0.0854212825 
0.0845772467 
0.0837398759 
0.0829091375 
0.0820849986 
0.0812674266 
0.0804563884 
0.0796518513 
0.0788537822 
0.0780621480 
0.0772769157 
0.0764980522 
0.0757255242 
0.0749592985 
0.0741993418 
0.0734456208 
0.0726981022 
0.0719567525 
0.0712215384 
0.0704924265 
0.0697693833 
0.0690523753 
0.0683413690 
0.0676363310 
0.0669372276 
0.0662440255 
0.0655566909 
0.0648751906 
0.0641994908 
0.0635295581 
0.0628653589 
0.0622068597 
0.0615540271 
0.0609068275 
0.0602652275 
0.0596291936 
0.0589986923 
0.0583736903 
0.0577541541 
0.0571400504 
0.0565313459 
0.0559280073 
0.0553300012 
0.0547372946 
0.0541498541 
0.0535676467 
0.0529906392 
0.0524187986 
0.0518520919 
0.0512904861 
0.0507339483 
0.0501824457 
0.0496359455 
0.0490944149 
0.0485578213 
0.0480261320 
0.0474993145 
0.0469773363 
0.0464601650 
0.0459477683 
0.0454401138 
0.0449371694 
0.0444389030 
0.0439452824 
0.0434562758 
0.0429718512 
0.0424919769 
0.0420166210 
0.0415457520 
0.0410793384 
0.0406173485 
0.0401597512 
0.0397065150 
0.0392576088 
0.0388130014 
0.0383726620 
0.0379365595 
0.0375046633 
0.0370769424 
0.0366533665 
0.0362339049 
0.0358185272 
0.0354072032 
0.0349999026 
0.0345965954 
0.0341972516 
0.0338018414 
0.0334103349 
0.0330227025 
0.0326389147 
0.0322589421 
0.0318827553 
0.0315103253 
0.0311416228 
0.0307766190 
0.0304152850 
0.0300575921 
0.0297035117 
0.0293530154 
0.0290060747 
0.0286626614 
0.0283227475 
0.0279863049 
0.0276533058 
0.0273237224 
0.0269975273 
0.0266746928 
0.0263551916 
0.0260389965 
0.0257260804 
0.0254164164 
0.0251099775 
0.0248067372 
0.0245066689 
0.0242097460 
0.0239159423 
0.0236252317 
0.0233375880 
0.0230529854 
0.0227713981 
0.0224928005 
0.0222171670 
0.0219444724 
0.0216746913 
0.0214077987 
0.0211437696 
0.0208825792 
0.0206242028 
0.0203686159 
0.0201157940 
0.0198657130 
0.0196183486 
0.0193736768 
0.0191316739 
0.0188923160 
0.0186555797 
0.0184214414 
0.0181898779 
0.0179608660 
0.0177343827 
0.0175104051 
0.0172889104 
0.0170698761 
0.0168532797 
0.0166390989 
0.0164273114 
0.0162178953 
0.0160108286 
0.0158060895 
0.0156036565 
0.0154035081 
0.0152056228 
0.0150099795 
0.0148165571 
0.0146253347 
0.0144362915 
0.0142494068 
0.0140646602 
0.0138820311 
0.0137014995 
0.0135230452 
0.0133466482 
0.0131722887 
0.0129999470 
0.0128296036 
0.0126612390 
0.0124948340 
0.0123303694 
0.0121678263 
0.0120071857 
0.0118484289 
0.0116915374 
0.0115364926 
0.0113832762 
0.0112318701 
0.0110822561 
0.0109344164 
0.0107883331 
0.0106439886 
0.0105013653 
0.0103604459 
0.0102212131 
0.0100836498 
0.0099477389 
0.0098134636 
0.0096808071 
0.0095497529 
0.0094202844 
0.0092923853 
0.0091660393 
0.0090412305 
0.0089179427 
0.0087961601 
0.0086758671 
0.0085570481 
0.0084396875 
0.0083237700 
0.0082092805 
0.0080962038 
0.0079845249 
0.0078742290 
0.0077653015 
0.0076577276 
0.0075514929 
0.0074465831 
0.0073429838 
0.0072406811 
0.0071396609 
0.0070399092 
0.0069414125 
0.0068441569 
0.0067481290 
0.0066533153 
0.0065597027 
0.0064672778 
0.0063760277 
0.0062859393 
0.0061969998 
0.0061091966 
0.0060225170 
0.0059369485 
0.0058524787 
0.0057690953 
0.0056867862 
0.0056055394 
0.0055253427 
0.0054461845 
0.0053680530 
0.0052909366 
0.0052148237 
0.0051397029 
0.0050655630 
0.0049923926 
0.0049201808 
0.0048489165 
0.0047785888 
0.0047091870 
0.0046407003 
0.0045731181 
0.0045064301 
0.0044406257 
0.0043756946 
0.0043116268 
0.0042484121 
0.0041860404 
0.0041245020 
0.0040637869 
0.0040038856 
0.0039447883 
0.0038864855 
0.0038289679 
0.0037722260 
0.0037162507 
0.0036610327 
0.0036065631 
0.0035528329 
0.0034998331 
0.0034475550 
0.0033959898 
0.0033451291 
0.0032949641 
0.0032454866 
0.0031966880 
0.0031485602 
0.0031010950 
0.0030542843 
0.0030081199 
0.0029625941 
0.0029176990 
0.0028734267 
0.0028297696 
0.0027867200 
0.0027442705 
0.0027024135 
0.0026611418 
0.0026204480 
0.0025803248 
0.0025407652 
0.0025017620 
0.0024633083 
0.0024253971 
0.0023880217 
0.0023511752 
0.0023148509 
0.0022790422 
0.0022437426 
0.0022089456 
0.0021746447 
0.0021408336 
0.0021075060 
0.0020746558 
0.0020422768 
0.0020103630 
0.0019789082 
0.0019479066 
0.0019173524 
0.0018872397 
0.0018575627 
0.0018283159 
0.0017994936 
0.0017710902 
0.0017431002 
0.0017155183 
0.0016883391 
0.0016615573 
0.0016351676 
0.0016091648 
0.0015835439 
0.0015582997 
0.0015334273 
0.0015089217 
0.0014847780 
0.0014609914 
0.0014375572 
0.0014144705 
0.0013917268 
0.0013693214 
0.0013472497 
0.0013255073 
0.0013040897 
0.0012829926 
0.0012622114 
0.0012417421 
0.0012215802 
0.0012017217 
0.0011821624 
0.0011628981 
0.0011439249 
0.0011252388 
0.0011068358 
0.0010887119 
0.0010708634 
0.0010532865 
0.0010359773 
0.0010189323 
0.0010021476 
0.0009856197 
0.0009693450 
0.0009533199 
0.0009375411 
0.0009220049 
0.0009067081 
0.0008916472 
0.0008768190 
0.0008622201 
0.0008478473 
0.0008336974 
0.0008197673 
0.0008060539 
0.0007925539 
0.0007792645 
0.0007661826 
0.0007533053 
0.0007406295 
0.0007281525 
0.0007158714 
0.0007037833 
0.0006918856 
0.0006801753 
0.0006686499 
0.0006573066 
0.0006461428 
0.0006351559 
0.0006243434 
0.0006137027 
0.0006032312 
0.0005929266 
0.0005827863 
0.0005728080 
0.0005629893 
0.0005533278 
0.0005438212 
0.0005344673 
0.0005252638 
0.0005162084 
0.0005072990 
0.0004985334 
0.0004899094 
0.0004814250 
0.0004730781 
0.0004648666 
0.0004567885 
0.0004488418 
0.0004410246 
0.0004333348 
0.0004257705 
0.0004183300 
0.0004110112 
0.0004038125 
0.0003967318 
0.0003897676 
0.0003829179 
0.0003761811 
0.0003695554 
0.0003630391 
0.0003566306 
0.0003503282 
0.0003441304 
0.0003380354 
0.0003320417 
0.0003261478 
0.0003203521 
0.0003146530 
0.0003090492 
0.0003035391 
0.0002981213 
0.0002927944 
0.0002875568 
0.0002824074 
0.0002773445 
0.0002723670 
0.0002674735 
0.0002626627 
0.0002579332 
0.0002532838 
0.0002487132 
0.0002442203 
0.0002398037 
0.0002354622 
0.0002311948 
0.0002270001 
0.0002228771 
0.0002188246 
0.0002148415 
0.0002109267 
0.0002070790 
0.0002032975 
0.0001995811 
0.0001959286 
0.0001923392 
0.0001888118 
0.0001853453 
0.0001819388 
0.0001785914 
0.0001753021 
0.0001720699 
0.0001688939 
0.0001657732 
0.0001627069 
0.0001596942 
0.0001567341 
0.0001538258 
0.0001509684 
0.0001481612 
0.0001454032 
0.0001426937 
0.0001400319 
0.0001374171 
0.0001348483 
0.0001323249 
0.0001298462 
0.0001274113 
0.0001250196 
0.0001226703 
0.0001203628 
0.0001180963 
0.0001158702 
0.0001136838 
0.0001115364 
0.0001094273 
0.0001073560 
0.0001053218 
0.0001033241 
0.0001013622 
0.0000994356 
0.0000975437 
0.0000956859 
0.0000938615 
0.0000920701 
0.0000903111 
0.0000885839 
0.0000868881 
0.0000852229 
0.0000835880 
0.0000819829 
0.0000804069 
0.0000788597 
0.0000773407 
0.0000758495 
0.0000743855 
0.0000729483 
0.0000715374 
0.0000701524 
0.0000687929 
0.0000674584 
0.0000661484 
0.0000648626 
0.0000636005 
0.0000623617 
0.0000611458 
0.0000599524 
0.0000587811 
0.0000576316 
0.0000565034 
0.0000553962 
0.0000543096 
0.0000532432 
0.0000521968 
0.0000511699 
0.0000501621 
0.0000491733 
0.0000482030 
0.0000472508 
0.0000463166 
0.0000453999 
0.0000445005 
0.0000436180 
0.0000427522 
0.0000419027 
0.0000410693 
0.0000402516 
0.0000394495 
0.0000386625 
0.0000378905 
0.0000371332 
0.0000363902 
0.0000356615 
0.0000349466 
0.0000342453 
0.0000335575 
0.0000328828 
0.0000322211 
0.0000315720 
0.0000309354 
0.0000303110 
0.0000296986 
0.0000290980 
0.0000285090 
0.0000279314 
0.0000273649 
0.0000268093 
0.0000262646 
0.0000257303 
0.0000252065 
0.0000246928 
0.0000241891 
0.0000236952 
0.0000232109 
0.0000227360 
0.0000222704 
0.0000218140 
0.0000213664 
0.0000209276 
0.0000204975 
0.0000200757 
0.0000196623 
0.0000192569 
0.0000188596 
0.0000184701 
0.0000180882 
0.0000177139 
0.0000173470 
0.0000169874 
0.0000166349 
0.0000162893 
0.0000159507 
0.0000156187 
0.0000152934 
0.0000149745 
0.0000146620 
0.0000143557 
0.0000140556 
0.0000137614 
0.0000134732 
0.0000131907 
0.0000129139 
0.0000126426 
0.0000123768 
0.0000121163 
0.0000118611 
0.0000116110 
0.0000113659 
0.0000111258 
0.0000108906 
0.0000106601 
0.0000104343 
0.0000102131 
0.0000099964 
0.0000097840 
0.0000095760 
0.0000093722 
0.0000091726 
0.0000089770 
0.0000087855 
0.0000085978 
0.0000084140 
0.0000082340 
0.0000080576 
0.0000078849 
0.0000077157 
0.0000075500 
0.0000073877 
0.0000072288 
0.0000070731 
0.0000069207 
0.0000067714 
0.0000066251 
0.0000064819 
0.0000063417 
0.0000062044 
0.0000060700 
0.0000059383 
0.0000058094 
0.0000056831 
0.0000055595 
