000
000
000
000
000
000
000
000
000
000
000
000
000
000
000
000
000
000
000
000
000
000
000
000
000
000
000
000
000
000
000
000
000
000
000
000
000
000
000
000
000
000
000
000
000
000
000
000
000
000
000
000
000
000
000
000
000
000
000
000
000
000
000
000
000
000
000
000
000
000
000
000
000
000
000
000
000
000
000
000
000
000
000
000
000
000
000
000
000
000
000
000
000
000
000
000
000
000
000
000
000
000
000
000
000
000
000
000
000
000
000
000
000
000
000
000
000
000
000
000
000
000
000
000
000
000
000
000
000
000
000
000
000
000
000
000
000
000
000
000
000
000
000
000
000
000
000
000
000
000
000
000
000
000
000
000
000
000
000
000
000
000
000
000
000
000
000
000
000
000
000
000
000
000
000
000
000
000
000
000
000
000
000
000
000
000
000
000
000
000
000
000
000
000
000
000
000
000
000
000
000
000
000
000
000
000
000
000
000
000
000
000
000
000
000
000
000
000
000
000
000
000
000
000
000
000
000
000
000
000
000
000
000
000
000
000
000
000
000
000
000
000
000
000
000
000
000
000
000
000
000
000
000
000
000
000
000
000
001
001
001
001
001
001
001
001
001
001
001
001
001
001
001
001
001
001
001
001
001
001
001
001
001
001
001
001
001
001
001
001
001
001
001
001
001
001
001
001
001
001
001
001
001
001
001
001
001
001
001
001
001
001
001
001
001
001
001
001
001
001
001
001
001
001
001
001
002
002
002
002
002
002
002
002
002
002
002
002
002
002
002
002
002
002
002
002
002
002
002
002
002
002
002
002
002
002
002
002
002
003
003
003
003
003
003
003
003
003
003
003
003
003
003
003
003
003
003
003
003
003
003
003
004
004
004
004
004
004
004
004
004
004
004
004
004
004
004
004
004
004
005
005
005
005
005
005
005
005
005
005
005
005
005
005
005
006
006
006
006
006
006
006
006
006
006
006
006
007
007
007
007
007
007
007
007
007
007
007
008
008
008
008
008
008
008
008
008
009
009
009
009
009
009
009
009
009
00a
00a
00a
00a
00a
00a
00a
00b
00b
00b
00b
00b
00b
00b
00b
00c
00c
00c
00c
00c
00c
00d
00d
00d
00d
00d
00d
00e
00e
00e
00e
00e
00e
00f
00f
00f
00f
00f
00f
010
010
010
010
010
011
011
011
011
011
012
012
012
012
012
013
013
013
013
014
014
014
014
015
015
015
015
016
016
016
016
017
017
017
017
018
018
018
018
019
019
019
01a
01a
01a
01a
01b
01b
01b
01c
01c
01c
01d
01d
01d
01e
01e
01e
01f
01f
01f
020
020
020
021
021
021
022
022
022
023
023
023
024
024
025
025
025
026
026
027
027
027
028
028
029
029
02a
02a
02a
02b
02b
02c
02c
02d
02d
02e
02e
02f
02f
02f
030
030
031
031
032
032
033
033
034
034
035
036
036
037
037
038
038
039
039
03a
03a
03b
03c
03c
03d
03d
03e
03e
03f
040
040
041
042
042
043
043
044
045
045
046
047
047
048
049
049
04a
04b
04b
04c
04d
04d
04e
04f
050
050
051
052
052
053
054
055
055
056
057
058
058
059
05a
05b
05c
05c
05d
05e
05f
060
061
061
062
063
064
065
066
066
067
068
069
06a
06b
06c
06d
06e
06e
06f
070
071
072
073
074
075
076
077
078
079
07a
07b
07c
07d
07e
07f
080
081
082
083
084
085
086
087
088
089
08a
08b
08c
08d
08e
08f
091
092
093
094
095
096
097
098
09a
09b
09c
09d
09e
09f
0a0
0a2
0a3
0a4
0a5
0a6
0a8
0a9
0aa
0ab
0ac
0ae
0af
0b0
0b1
0b3
0b4
0b5
0b6
0b8
0b9
0ba
0bb
0bd
0be
0bf
0c1
0c2
0c3
0c5
0c6
0c7
0c9
0ca
0cb
0cd
0ce
0cf
0d1
0d2
0d3
0d5
0d6
0d8
0d9
0da
0dc
0dd
0df
0e0
0e1
0e3
0e4
0e6
0e7
0e9
0ea
0eb
0ed
0ee
0f0
0f1
0f3
0f4
0f6
0f7
0f9
0fa
0fc
0fd
0ff
100
102
103
105
106
108
109
10b
10c
10e
10f
111
112
114
116
117
119
11a
11c
11d
11f
121
122
124
125
127
128
12a
12c
12d
12f
130
132
134
135
137
138
13a
13c
13d
13f
141
142
144
145
147
149
14a
14c
14e
14f
151
153
154
156
157
159
15b
15c
15e
160
161
163
165
166
168
16a
16b
16d
16e
170
172
173
175
177
178
17a
17c
17d
17f
181
182
184
186
187
189
18a
18c
18e
18f
191
193
194
196
198
199
19b
19c
19e
1a0
1a1
1a3
1a5
1a6
1a8
1a9
1ab
1ad
1ae
1b0
1b1
1b3
1b5
1b6
1b8
1b9
1bb
1bc
1be
1c0
1c1
1c3
1c4
1c6
1c7
1c9
1ca
1cc
1ce
1cf
1d1
1d2
1d4
1d5
1d7
1d8
1da
1db
1dd
1de
1e0
1e1
1e3
1e4
1e5
1e7
1e8
1ea
1eb
1ed
1ee
1f0
1f1
1f2
1f4
1f5
1f7
1f8
1f9
1fb
1fc
1fd
1ff
200
201
203
204
205
207
208
209
20b
20c
20d
20e
210
211
212
213
215
216
217
218
21a
21b
21c
21d
21e
21f
221
222
223
224
225
226
227
228
229
22a
22c
22d
22e
22f
230
231
232
233
234
235
236
237
238
238
239
23a
23b
23c
23d
23e
23f
240
240
241
242
243
244
245
245
246
247
248
248
249
24a
24b
24b
24c
24d
24d
24e
24f
24f
250
250
251
252
252
253
253
254
254
255
255
256
256
257
257
258
258
259
259
259
25a
25a
25b
25b
25b
25c
25c
25c
25d
25d
25d
25d
25e
25e
25e
25e
25e
25f
25f
25f
25f
25f
25f
260
260
260
260
260
260
260
260
260
260
260
260
260
260
260
260
260
260
260
25f
25f
25f
25f
25f
25f
25e
25e
25e
25e
25e
25d
25d
25d
25d
25c
25c
25c
25b
25b
25b
25a
25a
259
259
259
258
258
257
257
256
256
255
255
254
254
253
253
252
252
251
250
250
24f
24f
24e
24d
24d
24c
24b
24b
24a
249
248
248
247
246
245
245
244
243
242
241
240
240
23f
23e
23d
23c
23b
23a
239
238
238
237
236
235
234
233
232
231
230
22f
22e
22d
22c
22a
229
228
227
226
225
224
223
222
221
21f
21e
21d
21c
21b
21a
218
217
216
215
213
212
211
210
20e
20d
20c
20b
209
208
207
205
204
203
201
200
1ff
1fd
1fc
1fb
1f9
1f8
1f7
1f5
1f4
1f2
1f1
1f0
1ee
1ed
1eb
1ea
1e8
1e7
1e5
1e4
1e3
1e1
1e0
1de
1dd
1db
1da
1d8
1d7
1d5
1d4
1d2
1d1
1cf
1ce
1cc
1ca
1c9
1c7
1c6
1c4
1c3
1c1
1c0
1be
1bc
1bb
1b9
1b8
1b6
1b5
1b3
1b1
1b0
1ae
1ad
1ab
1a9
1a8
1a6
1a5
1a3
1a1
1a0
19e
19c
19b
199
198
196
194
193
191
18f
18e
18c
18a
189
187
186
184
182
181
17f
17d
17c
17a
178
177
175
173
172
170
16e
16d
16b
16a
168
166
165
163
161
160
15e
15c
15b
159
157
156
154
153
151
14f
14e
14c
14a
149
147
145
144
142
141
13f
13d
13c
13a
138
137
135
134
132
130
12f
12d
12c
12a
128
127
125
124
122
121
11f
11d
11c
11a
119
117
116
114
112
111
10f
10e
10c
10b
109
108
106
105
103
102
100
0ff
0fd
0fc
0fa
0f9
0f7
0f6
0f4
0f3
0f1
0f0
0ee
0ed
0eb
0ea
0e9
0e7
0e6
0e4
0e3
0e1
0e0
0df
0dd
0dc
0da
0d9
0d8
0d6
0d5
0d3
0d2
0d1
0cf
0ce
0cd
0cb
0ca
0c9
0c7
0c6
0c5
0c3
0c2
0c1
0bf
0be
0bd
0bb
0ba
0b9
0b8
0b6
0b5
0b4
0b3
0b1
0b0
0af
0ae
0ac
0ab
0aa
0a9
0a8
0a6
0a5
0a4
0a3
0a2
0a0
09f
09e
09d
09c
09b
09a
098
097
096
095
094
093
092
091
08f
08e
08d
08c
08b
08a
089
088
087
086
085
084
083
082
081
080
07f
07e
07d
07c
07b
07a
079
078
077
076
075
074
073
072
071
070
06f
06e
06e
06d
06c
06b
06a
069
068
067
066
066
065
064
063
062
061
061
060
05f
05e
05d
05c
05c
05b
05a
059
058
058
057
056
055
055
054
053
052
052
051
050
050
04f
04e
04d
04d
04c
04b
04b
04a
049
049
048
047
047
046
045
045
044
043
043
042
042
041
040
040
03f
03e
03e
03d
03d
03c
03c
03b
03a
03a
039
039
038
038
037
037
036
036
035
034
034
033
033
032
032
031
031
030
030
02f
02f
02f
02e
02e
02d
02d
02c
02c
02b
02b
02a
02a
02a
029
029
028
028
027
027
027
026
026
025
025
025
024
024
023
023
023
022
022
022
021
021
021
020
020
020
01f
01f
01f
01e
01e
01e
01d
01d
01d
01c
01c
01c
01b
01b
01b
01a
01a
01a
01a
019
019
019
018
018
018
018
017
017
017
017
016
016
016
016
015
015
015
015
014
014
014
014
013
013
013
013
012
012
012
012
012
011
011
011
011
011
010
010
010
010
010
00f
00f
00f
00f
00f
00f
00e
00e
00e
00e
00e
00e
00d
00d
00d
00d
00d
00d
00c
00c
00c
00c
00c
00c
00b
00b
00b
00b
00b
00b
00b
00b
00a
00a
00a
00a
00a
00a
00a
009
009
009
009
009
009
009
009
009
008
008
008
008
008
008
008
008
008
007
007
007
007
007
007
007
007
007
007
007
006
006
006
006
006
006
006
006
006
006
006
006
005
005
005
005
005
005
005
005
005
005
005
005
005
005
005
004
004
004
004
004
004
004
004
004
004
004
004
004
004
004
004
004
004
003
003
003
003
003
003
003
003
003
003
003
003
003
003
003
003
003
003
003
003
003
003
003
002
002
002
002
002
002
002
002
002
002
002
002
002
002
002
002
002
002
002
002
002
002
002
002
002
002
002
002
002
002
002
002
002
001
001
001
001
001
001
001
001
001
001
001
001
001
001
001
001
001
001
001
001
001
001
001
001
001
001
001
001
001
001
001
001
001
001
001
001
001
001
001
001
001
001
001
001
001
001
001
001
001
001
001
001
001
001
001
001
001
001
001
001
001
001
001
001
001
001
001
001
000
000
000
000
000
000
000
000
000
000
000
000
000
000
000
000
000
000
000
000
000
000
000
000
000
000
000
000
000
000
000
000
000
000
000
000
000
000
000
000
000
000
000
000
000
000
000
000
000
000
000
000
000
000
000
000
000
000
000
000
000
000
000
000
000
000
000
000
000
000
000
000
000
000
000
000
000
000
000
000
000
000
000
000
000
000
000
000
000
000
000
000
000
000
000
000
000
000
000
000
000
000
000
000
000
000
000
000
000
000
000
000
000
000
000
000
000
000
000
000
000
000
000
000
000
000
000
000
000
000
000
000
000
000
000
000
000
000
000
000
000
000
000
000
000
000
000
000
000
000
000
000
000
000
000
000
000
000
000
000
000
000
000
000
000
000
000
000
000
000
000
000
000
000
000
000
000
000
000
000
000
000
000
000
000
000
000
000
000
000
000
000
000
000
000
000
000
000
000
000
000
000
000
000
000
000
000
000
000
000
000
000
000
000
000
000
000
000
000
000
000
000
000
000
000
000
000
000
000
000
000
000
000
000
000
000
000
000
000
000
000
000
000
000
000
000
000
000
000
000
000
000
000
000
000
000
000
000
