000
000
000
000
000
000
000
000
000
000
000
000
000
000
000
000
000
000
000
000
000
000
000
000
000
000
000
000
000
000
000
000
000
000
000
000
000
000
000
000
000
000
000
000
000
000
000
000
000
000
000
000
000
000
000
000
000
000
000
000
000
000
000
000
000
000
000
000
000
000
000
000
000
000
000
000
000
000
000
000
000
000
000
000
000
000
000
000
000
000
000
000
000
000
000
000
000
000
000
000
000
000
000
000
000
000
000
000
000
000
000
000
000
000
000
000
000
000
000
000
000
000
000
000
000
000
000
000
000
000
000
000
000
000
000
000
000
000
000
000
000
000
000
000
000
000
000
000
000
000
000
000
000
000
000
000
000
000
000
000
000
000
000
000
000
000
000
000
000
000
000
000
000
000
000
000
000
000
000
000
000
000
000
000
000
000
000
000
000
000
000
000
000
000
000
000
000
000
000
000
000
000
000
000
000
000
000
000
000
000
000
000
000
000
000
000
000
000
000
000
000
000
000
000
000
000
000
000
000
000
000
000
000
000
000
000
000
000
000
000
000
000
000
000
000
000
000
000
000
000
000
000
000
000
000
000
000
000
000
000
000
000
000
000
000
000
000
000
000
000
000
000
000
000
000
000
000
000
000
000
000
000
000
000
000
000
000
000
000
000
000
000
000
000
000
000
000
000
000
000
000
000
000
000
000
000
000
000
000
000
000
000
000
000
000
000
000
000
000
000
000
000
000
000
000
000
000
000
000
000
000
000
000
000
000
000
000
000
000
000
000
000
000
000
000
000
000
000
000
000
000
000
000
000
000
000
000
000
000
000
000
000
000
000
000
000
000
000
000
000
000
000
000
000
000
000
000
000
000
000
000
000
000
000
000
000
000
000
000
000
000
000
000
000
000
000
000
000
000
000
000
000
000
000
001
001
001
001
001
001
001
001
001
001
001
001
001
001
001
001
001
001
001
001
001
001
001
001
001
001
001
001
001
001
001
001
001
001
001
001
001
001
001
001
001
001
001
001
001
001
001
001
001
001
001
001
001
001
001
001
001
001
001
001
001
001
001
001
001
001
001
001
001
001
001
001
001
001
001
001
001
001
001
001
001
001
001
001
002
002
002
002
002
002
002
002
002
002
002
002
002
002
002
002
002
002
002
002
002
002
002
002
002
002
002
002
002
002
002
002
002
002
002
002
002
002
002
002
002
002
002
003
003
003
003
003
003
003
003
003
003
003
003
003
003
003
003
003
003
003
003
003
003
003
003
003
003
003
003
003
003
004
004
004
004
004
004
004
004
004
004
004
004
004
004
004
004
004
004
004
004
004
004
004
004
005
005
005
005
005
005
005
005
005
005
005
005
005
005
005
005
005
005
005
005
006
006
006
006
006
006
006
006
006
006
006
006
006
006
006
006
006
007
007
007
007
007
007
007
007
007
007
007
007
007
007
007
008
008
008
008
008
008
008
008
008
008
008
008
008
008
009
009
009
009
009
009
009
009
009
009
009
009
009
00a
00a
00a
00a
00a
00a
00a
00a
00a
00a
00a
00b
00b
00b
00b
00b
00b
00b
00b
00b
00b
00b
00c
00c
00c
00c
00c
00c
00c
00c
00c
00c
00d
00d
00d
00d
00d
00d
00d
00d
00d
00d
00e
00e
00e
00e
00e
00e
00e
00e
00e
00f
00f
00f
00f
00f
00f
00f
00f
00f
010
010
010
010
010
010
010
010
011
011
011
011
011
011
011
011
012
012
012
012
012
012
012
012
013
013
013
013
013
013
013
013
014
014
014
014
014
014
014
015
015
015
015
015
015
015
016
016
016
016
016
016
016
017
017
017
017
017
017
017
018
018
018
018
018
018
018
019
019
019
019
019
019
01a
01a
01a
01a
01a
01a
01a
01b
01b
01b
01b
01b
01b
01c
01c
01c
01c
01c
01c
01d
01d
01d
01d
01d
01d
01e
01e
01e
01e
01e
01e
01f
01f
01f
01f
01f
01f
020
020
020
020
020
020
021
021
021
021
021
021
022
022
022
022
022
022
023
023
023
023
023
023
024
024
024
024
024
024
025
025
025
025
025
026
026
026
026
026
026
027
027
027
027
027
027
028
028
028
028
028
028
029
029
029
029
029
02a
02a
02a
02a
02a
02a
02b
02b
02b
02b
02b
02b
02c
02c
02c
02c
02c
02c
02d
02d
02d
02d
02d
02d
02e
02e
02e
02e
02e
02e
02f
02f
02f
02f
02f
02f
030
030
030
030
030
030
031
031
031
031
031
031
032
032
032
032
032
032
032
033
033
033
033
033
033
034
034
034
034
034
034
034
035
035
035
035
035
035
035
036
036
036
036
036
036
036
037
037
037
037
037
037
037
038
038
038
038
038
038
038
038
039
039
039
039
039
039
039
039
03a
03a
03a
03a
03a
03a
03a
03a
03a
03b
03b
03b
03b
03b
03b
03b
03b
03b
03c
03c
03c
03c
03c
03c
03c
03c
03c
03c
03c
03d
03d
03d
03d
03d
03d
03d
03d
03d
03d
03d
03e
03e
03e
03e
03e
03e
03e
03e
03e
03e
03e
03e
03e
03e
03e
03f
03f
03f
03f
03f
03f
03f
03f
03f
03f
03f
03f
03f
03f
03f
03f
03f
03f
03f
03f
040
040
040
040
040
040
040
040
040
040
040
040
040
040
040
040
040
040
040
040
040
040
040
040
040
040
040
040
040
040
040
040
040
040
040
040
040
040
040
040
040
040
040
040
040
040
040
040
040
040
040
040
040
040
040
040
040
03f
03f
03f
03f
03f
03f
03f
03f
03f
03f
03f
03f
03f
03f
03f
03f
03f
03f
03f
03f
03e
03e
03e
03e
03e
03e
03e
03e
03e
03e
03e
03e
03e
03e
03e
03d
03d
03d
03d
03d
03d
03d
03d
03d
03d
03d
03c
03c
03c
03c
03c
03c
03c
03c
03c
03c
03c
03b
03b
03b
03b
03b
03b
03b
03b
03b
03a
03a
03a
03a
03a
03a
03a
03a
03a
039
039
039
039
039
039
039
039
038
038
038
038
038
038
038
038
037
037
037
037
037
037
037
036
036
036
036
036
036
036
035
035
035
035
035
035
035
034
034
034
034
034
034
034
033
033
033
033
033
033
032
032
032
032
032
032
032
031
031
031
031
031
031
030
030
030
030
030
030
02f
02f
02f
02f
02f
02f
02e
02e
02e
02e
02e
02e
02d
02d
02d
02d
02d
02d
02c
02c
02c
02c
02c
02c
02b
02b
02b
02b
02b
02b
02a
02a
02a
02a
02a
02a
029
029
029
029
029
028
028
028
028
028
028
027
027
027
027
027
027
026
026
026
026
026
026
025
025
025
025
025
024
024
024
024
024
024
023
023
023
023
023
023
022
022
022
022
022
022
021
021
021
021
021
021
020
020
020
020
020
020
01f
01f
01f
01f
01f
01f
01e
01e
01e
01e
01e
01e
01d
01d
01d
01d
01d
01d
01c
01c
01c
01c
01c
01c
01b
01b
01b
01b
01b
01b
01a
01a
01a
01a
01a
01a
01a
019
019
019
019
019
019
018
018
018
018
018
018
018
017
017
017
017
017
017
017
016
016
016
016
016
016
016
015
015
015
015
015
015
015
014
014
014
014
014
014
014
013
013
013
013
013
013
013
013
012
012
012
012
012
012
012
012
011
011
011
011
011
011
011
011
010
010
010
010
010
010
010
010
00f
00f
00f
00f
00f
00f
00f
00f
00f
00e
00e
00e
00e
00e
00e
00e
00e
00e
00d
00d
00d
00d
00d
00d
00d
00d
00d
00d
00c
00c
00c
00c
00c
00c
00c
00c
00c
00c
00b
00b
00b
00b
00b
00b
00b
00b
00b
00b
00b
00a
00a
00a
00a
00a
00a
00a
00a
00a
00a
00a
009
009
009
009
009
009
009
009
009
009
009
009
009
008
008
008
008
008
008
008
008
008
008
008
008
008
008
007
007
007
007
007
007
007
007
007
007
007
007
007
007
007
006
006
006
006
006
006
006
006
006
006
006
006
006
006
006
006
006
005
005
005
005
005
005
005
005
005
005
005
005
005
005
005
005
005
005
005
005
004
004
004
004
004
004
004
004
004
004
004
004
004
004
004
004
004
004
004
004
004
004
004
004
003
003
003
003
003
003
003
003
003
003
003
003
003
003
003
003
003
003
003
003
003
003
003
003
003
003
003
003
003
003
002
002
002
002
002
002
002
002
002
002
002
002
002
002
002
002
002
002
002
002
002
002
002
002
002
002
002
002
002
002
002
002
002
002
002
002
002
002
002
002
002
002
002
001
001
001
001
001
001
001
001
001
001
001
001
001
001
001
001
001
001
001
001
001
001
001
001
001
001
001
001
001
001
001
001
001
001
001
001
001
001
001
001
001
001
001
001
001
001
001
001
001
001
001
001
001
001
001
001
001
001
001
001
001
001
001
001
001
001
001
001
001
001
001
001
001
001
001
001
001
001
001
001
001
001
001
001
000
000
000
000
000
000
000
000
000
000
000
000
000
000
000
000
000
000
000
000
000
000
000
000
000
000
000
000
000
000
000
000
000
000
000
000
000
000
000
000
000
000
000
000
000
000
000
000
000
000
000
000
000
000
000
000
000
000
000
000
000
000
000
000
000
000
000
000
000
000
000
000
000
000
000
000
000
000
000
000
000
000
000
000
000
000
000
000
000
000
000
000
000
000
000
000
000
000
000
000
000
000
000
000
000
000
000
000
000
000
000
000
000
000
000
000
000
000
000
000
000
000
000
000
000
000
000
000
000
000
000
000
000
000
000
000
000
000
000
000
000
000
000
000
000
000
000
000
000
000
000
000
000
000
000
000
000
000
000
000
000
000
000
000
000
000
000
000
000
000
000
000
000
000
000
000
000
000
000
000
000
000
000
000
000
000
000
000
000
000
000
000
000
000
000
000
000
000
000
000
000
000
000
000
000
000
000
000
000
000
000
000
000
000
000
000
000
000
000
000
000
000
000
000
000
000
000
000
000
000
000
000
000
000
000
000
000
000
000
000
000
000
000
000
000
000
000
000
000
000
000
000
000
000
000
000
000
000
000
000
000
000
000
000
000
000
000
000
000
000
000
000
000
000
000
000
000
000
000
000
000
000
000
000
000
000
000
000
000
000
000
000
000
000
000
000
000
000
000
000
000
000
000
000
000
000
000
000
000
000
000
000
000
000
000
000
000
000
000
000
000
000
000
000
000
000
000
000
000
000
000
000
000
000
000
000
000
000
000
000
000
000
000
000
000
000
000
000
000
000
000
000
000
000
000
000
000
000
000
000
000
000
000
000
000
000
000
000
000
000
000
000
000
000
000
000
000
000
000
000
000
000
000
000
000
000
000
000
000
000
000
000
000
000
000
000
000
000
000
000
000
000
000
000
