000
000
000
000
000
000
000
000
000
000
000
000
000
000
000
000
000
000
000
000
000
000
000
000
000
000
000
000
000
000
000
000
000
000
000
000
000
000
000
000
000
000
000
000
000
000
000
000
000
000
000
000
000
000
000
000
000
000
000
000
000
000
000
000
000
000
000
000
000
000
000
000
000
000
000
000
000
000
000
000
000
000
000
000
000
000
000
000
000
000
000
000
000
000
000
000
000
000
000
000
000
000
000
000
000
000
000
000
000
000
000
000
000
000
000
000
000
000
000
000
000
000
000
000
000
000
000
000
000
000
000
000
000
000
000
000
000
000
000
000
000
000
000
000
000
000
000
000
000
000
000
000
000
000
000
000
000
000
000
000
000
000
000
000
000
000
000
000
000
000
000
000
000
000
000
000
000
000
000
000
000
000
000
000
000
000
000
000
000
000
000
000
000
000
000
000
000
000
000
000
000
000
000
000
000
000
000
000
000
000
000
000
000
000
000
000
000
000
000
000
000
000
000
000
000
000
000
000
000
000
000
000
000
000
000
000
000
000
000
000
000
000
000
000
000
000
000
000
000
000
000
000
000
000
000
000
000
000
000
000
000
000
000
000
000
000
000
000
000
000
000
000
000
000
000
000
000
000
000
000
000
000
001
001
001
001
001
001
001
001
001
001
001
001
001
001
001
001
001
001
001
001
001
001
001
001
001
001
001
001
001
001
001
001
001
001
001
001
001
001
001
001
001
001
001
001
001
001
001
001
001
001
001
001
001
001
001
001
001
001
001
001
001
001
001
001
001
001
001
001
001
001
002
002
002
002
002
002
002
002
002
002
002
002
002
002
002
002
002
002
002
002
002
002
002
002
002
002
002
002
002
002
002
002
002
002
002
003
003
003
003
003
003
003
003
003
003
003
003
003
003
003
003
003
003
003
003
003
003
003
003
004
004
004
004
004
004
004
004
004
004
004
004
004
004
004
004
004
004
005
005
005
005
005
005
005
005
005
005
005
005
005
005
005
006
006
006
006
006
006
006
006
006
006
006
006
006
007
007
007
007
007
007
007
007
007
007
007
008
008
008
008
008
008
008
008
008
008
009
009
009
009
009
009
009
009
009
00a
00a
00a
00a
00a
00a
00a
00a
00a
00b
00b
00b
00b
00b
00b
00b
00c
00c
00c
00c
00c
00c
00c
00d
00d
00d
00d
00d
00d
00d
00e
00e
00e
00e
00e
00e
00f
00f
00f
00f
00f
00f
010
010
010
010
010
011
011
011
011
011
012
012
012
012
012
013
013
013
013
013
014
014
014
014
014
015
015
015
015
016
016
016
016
017
017
017
017
018
018
018
018
019
019
019
019
01a
01a
01a
01a
01b
01b
01b
01c
01c
01c
01c
01d
01d
01d
01e
01e
01e
01f
01f
01f
020
020
020
020
021
021
021
022
022
023
023
023
024
024
024
025
025
025
026
026
026
027
027
028
028
028
029
029
02a
02a
02a
02b
02b
02c
02c
02c
02d
02d
02e
02e
02f
02f
02f
030
030
031
031
032
032
033
033
033
034
034
035
035
036
036
037
037
038
038
039
039
03a
03a
03b
03b
03c
03c
03d
03d
03e
03f
03f
040
040
041
041
042
042
043
044
044
045
045
046
047
047
048
048
049
04a
04a
04b
04b
04c
04d
04d
04e
04e
04f
050
050
051
052
052
053
054
054
055
056
056
057
058
058
059
05a
05b
05b
05c
05d
05d
05e
05f
060
060
061
062
062
063
064
065
065
066
067
068
069
069
06a
06b
06c
06c
06d
06e
06f
070
070
071
072
073
074
075
075
076
077
078
079
07a
07a
07b
07c
07d
07e
07f
080
080
081
082
083
084
085
086
087
088
088
089
08a
08b
08c
08d
08e
08f
090
091
092
093
093
094
095
096
097
098
099
09a
09b
09c
09d
09e
09f
0a0
0a1
0a2
0a3
0a4
0a5
0a6
0a7
0a8
0a9
0aa
0ab
0ac
0ad
0ae
0af
0b0
0b1
0b2
0b3
0b4
0b5
0b6
0b7
0b8
0b9
0ba
0bb
0bc
0bd
0be
0c0
0c1
0c2
0c3
0c4
0c5
0c6
0c7
0c8
0c9
0ca
0cb
0cc
0cd
0ce
0d0
0d1
0d2
0d3
0d4
0d5
0d6
0d7
0d8
0d9
0da
0db
0dd
0de
0df
0e0
0e1
0e2
0e3
0e4
0e5
0e6
0e8
0e9
0ea
0eb
0ec
0ed
0ee
0ef
0f0
0f1
0f3
0f4
0f5
0f6
0f7
0f8
0f9
0fa
0fb
0fd
0fe
0ff
100
101
102
103
104
105
107
108
109
10a
10b
10c
10d
10e
10f
110
111
113
114
115
116
117
118
119
11a
11b
11c
11d
11f
120
121
122
123
124
125
126
127
128
129
12a
12b
12c
12d
12e
130
131
132
133
134
135
136
137
138
139
13a
13b
13c
13d
13e
13f
140
141
142
143
144
145
146
147
148
149
14a
14b
14c
14d
14d
14e
14f
150
151
152
153
154
155
156
157
158
159
159
15a
15b
15c
15d
15e
15f
160
160
161
162
163
164
165
165
166
167
168
169
16a
16a
16b
16c
16d
16d
16e
16f
170
170
171
172
173
173
174
175
175
176
177
178
178
179
17a
17a
17b
17c
17c
17d
17d
17e
17f
17f
180
181
181
182
182
183
183
184
184
185
186
186
187
187
188
188
189
189
18a
18a
18b
18b
18b
18c
18c
18d
18d
18e
18e
18e
18f
18f
18f
190
190
191
191
191
192
192
192
192
193
193
193
194
194
194
194
195
195
195
195
195
196
196
196
196
196
197
197
197
197
197
197
197
197
198
198
198
198
198
198
198
198
198
198
198
198
198
198
198
198
198
198
198
198
198
198
198
197
197
197
197
197
197
197
197
196
196
196
196
196
195
195
195
195
195
194
194
194
194
193
193
193
192
192
192
192
191
191
191
190
190
18f
18f
18f
18e
18e
18e
18d
18d
18c
18c
18b
18b
18b
18a
18a
189
189
188
188
187
187
186
186
185
184
184
183
183
182
182
181
181
180
17f
17f
17e
17d
17d
17c
17c
17b
17a
17a
179
178
178
177
176
175
175
174
173
173
172
171
170
170
16f
16e
16d
16d
16c
16b
16a
16a
169
168
167
166
165
165
164
163
162
161
160
160
15f
15e
15d
15c
15b
15a
159
159
158
157
156
155
154
153
152
151
150
14f
14e
14d
14d
14c
14b
14a
149
148
147
146
145
144
143
142
141
140
13f
13e
13d
13c
13b
13a
139
138
137
136
135
134
133
132
131
130
12e
12d
12c
12b
12a
129
128
127
126
125
124
123
122
121
120
11f
11d
11c
11b
11a
119
118
117
116
115
114
113
111
110
10f
10e
10d
10c
10b
10a
109
108
107
105
104
103
102
101
100
0ff
0fe
0fd
0fb
0fa
0f9
0f8
0f7
0f6
0f5
0f4
0f3
0f1
0f0
0ef
0ee
0ed
0ec
0eb
0ea
0e9
0e8
0e6
0e5
0e4
0e3
0e2
0e1
0e0
0df
0de
0dd
0db
0da
0d9
0d8
0d7
0d6
0d5
0d4
0d3
0d2
0d1
0d0
0ce
0cd
0cc
0cb
0ca
0c9
0c8
0c7
0c6
0c5
0c4
0c3
0c2
0c1
0c0
0be
0bd
0bc
0bb
0ba
0b9
0b8
0b7
0b6
0b5
0b4
0b3
0b2
0b1
0b0
0af
0ae
0ad
0ac
0ab
0aa
0a9
0a8
0a7
0a6
0a5
0a4
0a3
0a2
0a1
0a0
09f
09e
09d
09c
09b
09a
099
098
097
096
095
094
093
093
092
091
090
08f
08e
08d
08c
08b
08a
089
088
088
087
086
085
084
083
082
081
080
080
07f
07e
07d
07c
07b
07a
07a
079
078
077
076
075
075
074
073
072
071
070
070
06f
06e
06d
06c
06c
06b
06a
069
069
068
067
066
065
065
064
063
062
062
061
060
060
05f
05e
05d
05d
05c
05b
05b
05a
059
058
058
057
056
056
055
054
054
053
052
052
051
050
050
04f
04e
04e
04d
04d
04c
04b
04b
04a
04a
049
048
048
047
047
046
045
045
044
044
043
042
042
041
041
040
040
03f
03f
03e
03d
03d
03c
03c
03b
03b
03a
03a
039
039
038
038
037
037
036
036
035
035
034
034
033
033
033
032
032
031
031
030
030
02f
02f
02f
02e
02e
02d
02d
02c
02c
02c
02b
02b
02a
02a
02a
029
029
028
028
028
027
027
026
026
026
025
025
025
024
024
024
023
023
023
022
022
021
021
021
020
020
020
020
01f
01f
01f
01e
01e
01e
01d
01d
01d
01c
01c
01c
01c
01b
01b
01b
01a
01a
01a
01a
019
019
019
019
018
018
018
018
017
017
017
017
016
016
016
016
015
015
015
015
014
014
014
014
014
013
013
013
013
013
012
012
012
012
012
011
011
011
011
011
010
010
010
010
010
00f
00f
00f
00f
00f
00f
00e
00e
00e
00e
00e
00e
00d
00d
00d
00d
00d
00d
00d
00c
00c
00c
00c
00c
00c
00c
00b
00b
00b
00b
00b
00b
00b
00a
00a
00a
00a
00a
00a
00a
00a
00a
009
009
009
009
009
009
009
009
009
008
008
008
008
008
008
008
008
008
008
007
007
007
007
007
007
007
007
007
007
007
006
006
006
006
006
006
006
006
006
006
006
006
006
005
005
005
005
005
005
005
005
005
005
005
005
005
005
005
004
004
004
004
004
004
004
004
004
004
004
004
004
004
004
004
004
004
003
003
003
003
003
003
003
003
003
003
003
003
003
003
003
003
003
003
003
003
003
003
003
003
002
002
002
002
002
002
002
002
002
002
002
002
002
002
002
002
002
002
002
002
002
002
002
002
002
002
002
002
002
002
002
002
002
002
002
001
001
001
001
001
001
001
001
001
001
001
001
001
001
001
001
001
001
001
001
001
001
001
001
001
001
001
001
001
001
001
001
001
001
001
001
001
001
001
001
001
001
001
001
001
001
001
001
001
001
001
001
001
001
001
001
001
001
001
001
001
001
001
001
001
001
001
001
001
001
000
000
000
000
000
000
000
000
000
000
000
000
000
000
000
000
000
000
000
000
000
000
000
000
000
000
000
000
000
000
000
000
000
000
000
000
000
000
000
000
000
000
000
000
000
000
000
000
000
000
000
000
000
000
000
000
000
000
000
000
000
000
000
000
000
000
000
000
000
000
000
000
000
000
000
000
000
000
000
000
000
000
000
000
000
000
000
000
000
000
000
000
000
000
000
000
000
000
000
000
000
000
000
000
000
000
000
000
000
000
000
000
000
000
000
000
000
000
000
000
000
000
000
000
000
000
000
000
000
000
000
000
000
000
000
000
000
000
000
000
000
000
000
000
000
000
000
000
000
000
000
000
000
000
000
000
000
000
000
000
000
000
000
000
000
000
000
000
000
000
000
000
000
000
000
000
000
000
000
000
000
000
000
000
000
000
000
000
000
000
000
000
000
000
000
000
000
000
000
000
000
000
000
000
000
000
000
000
000
000
000
000
000
000
000
000
000
000
000
000
000
000
000
000
000
000
000
000
000
000
000
000
000
000
000
000
000
000
000
000
000
000
000
000
000
000
000
000
000
000
000
000
000
000
000
000
000
000
000
000
000
000
000
000
000
000
000
000
000
000
000
000
000
000
000
000
000
000
000
000
000
000
