000
000
000
000
000
000
000
000
000
000
000
000
000
000
000
000
000
000
000
000
000
000
000
000
000
000
000
000
000
000
000
000
000
000
000
000
000
000
000
000
000
000
000
000
000
000
000
000
000
000
000
000
000
000
000
000
000
000
000
000
000
000
000
000
000
000
000
000
000
000
000
000
000
000
000
000
000
000
000
000
000
000
000
000
000
000
000
000
000
000
000
000
000
000
000
000
000
000
000
000
000
000
000
000
000
000
000
000
000
000
000
000
000
000
000
000
000
000
000
000
000
000
000
000
000
000
000
000
000
000
000
000
000
000
000
000
000
000
000
000
000
000
000
000
000
000
000
000
000
000
000
000
000
000
000
000
000
000
000
000
000
000
000
000
000
000
000
000
000
000
000
000
000
000
000
000
000
000
000
000
000
000
000
000
000
000
000
000
000
000
000
000
000
000
000
000
000
000
000
000
000
000
000
000
000
000
000
000
000
000
000
000
000
000
000
000
000
000
000
000
000
000
000
000
000
000
000
000
000
000
000
000
000
000
000
000
000
000
000
000
000
001
001
001
001
001
001
001
001
001
001
001
001
001
001
001
001
001
001
001
001
001
001
001
001
001
001
001
001
001
001
001
001
001
001
001
001
001
001
001
001
001
001
001
001
001
001
001
001
001
001
001
001
001
001
001
001
001
001
001
001
001
001
001
001
001
001
002
002
002
002
002
002
002
002
002
002
002
002
002
002
002
002
002
002
002
002
002
002
002
002
002
002
002
002
002
002
002
002
002
003
003
003
003
003
003
003
003
003
003
003
003
003
003
003
003
003
003
003
003
003
003
003
004
004
004
004
004
004
004
004
004
004
004
004
004
004
004
004
004
005
005
005
005
005
005
005
005
005
005
005
005
005
005
006
006
006
006
006
006
006
006
006
006
006
006
007
007
007
007
007
007
007
007
007
007
008
008
008
008
008
008
008
008
008
008
009
009
009
009
009
009
009
009
00a
00a
00a
00a
00a
00a
00a
00b
00b
00b
00b
00b
00b
00b
00c
00c
00c
00c
00c
00c
00c
00d
00d
00d
00d
00d
00d
00e
00e
00e
00e
00e
00f
00f
00f
00f
00f
00f
010
010
010
010
010
011
011
011
011
012
012
012
012
012
013
013
013
013
014
014
014
014
015
015
015
015
016
016
016
016
017
017
017
017
018
018
018
019
019
019
019
01a
01a
01a
01b
01b
01b
01c
01c
01c
01d
01d
01d
01e
01e
01e
01f
01f
01f
020
020
020
021
021
022
022
022
023
023
024
024
024
025
025
026
026
026
027
027
028
028
029
029
029
02a
02a
02b
02b
02c
02c
02d
02d
02e
02e
02f
02f
030
030
031
031
032
032
033
033
034
034
035
036
036
037
037
038
038
039
03a
03a
03b
03b
03c
03d
03d
03e
03e
03f
040
040
041
042
042
043
044
044
045
046
046
047
048
049
049
04a
04b
04b
04c
04d
04e
04e
04f
050
051
051
052
053
054
055
055
056
057
058
059
05a
05a
05b
05c
05d
05e
05f
060
060
061
062
063
064
065
066
067
068
069
06a
06b
06c
06d
06e
06f
070
071
072
073
074
075
076
077
078
079
07a
07b
07c
07d
07e
07f
080
081
082
084
085
086
087
088
089
08a
08c
08d
08e
08f
090
092
093
094
095
096
098
099
09a
09b
09d
09e
09f
0a1
0a2
0a3
0a4
0a6
0a7
0a8
0aa
0ab
0ac
0ae
0af
0b1
0b2
0b3
0b5
0b6
0b8
0b9
0ba
0bc
0bd
0bf
0c0
0c2
0c3
0c5
0c6
0c7
0c9
0ca
0cc
0ce
0cf
0d1
0d2
0d4
0d5
0d7
0d8
0da
0db
0dd
0df
0e0
0e2
0e4
0e5
0e7
0e8
0ea
0ec
0ed
0ef
0f1
0f2
0f4
0f6
0f7
0f9
0fb
0fd
0fe
100
102
104
105
107
109
10b
10c
10e
110
112
114
115
117
119
11b
11d
11e
120
122
124
126
128
12a
12c
12d
12f
131
133
135
137
139
13b
13d
13f
141
143
145
147
149
14a
14c
14e
150
152
154
156
158
15a
15c
15e
161
163
165
167
169
16b
16d
16f
171
173
175
177
179
17b
17d
17f
182
184
186
188
18a
18c
18e
190
192
195
197
199
19b
19d
19f
1a1
1a4
1a6
1a8
1aa
1ac
1ae
1b0
1b3
1b5
1b7
1b9
1bb
1be
1c0
1c2
1c4
1c6
1c8
1cb
1cd
1cf
1d1
1d3
1d6
1d8
1da
1dc
1de
1e0
1e3
1e5
1e7
1e9
1eb
1ee
1f0
1f2
1f4
1f6
1f9
1fb
1fd
1ff
201
203
206
208
20a
20c
20e
211
213
215
217
219
21b
21e
220
222
224
226
228
22b
22d
22f
231
233
235
237
23a
23c
23e
240
242
244
246
248
24a
24d
24f
251
253
255
257
259
25b
25d
25f
261
263
265
267
269
26b
26d
270
272
274
275
277
279
27b
27d
27f
281
283
285
287
289
28b
28d
28f
291
293
294
296
298
29a
29c
29e
2a0
2a1
2a3
2a5
2a7
2a9
2aa
2ac
2ae
2b0
2b1
2b3
2b5
2b7
2b8
2ba
2bc
2bd
2bf
2c1
2c2
2c4
2c6
2c7
2c9
2ca
2cc
2cd
2cf
2d1
2d2
2d4
2d5
2d7
2d8
2da
2db
2dd
2de
2df
2e1
2e2
2e4
2e5
2e6
2e8
2e9
2ea
2ec
2ed
2ee
2f0
2f1
2f2
2f3
2f5
2f6
2f7
2f8
2f9
2fb
2fc
2fd
2fe
2ff
300
301
302
303
305
306
307
308
309
30a
30a
30b
30c
30d
30e
30f
310
311
312
312
313
314
315
316
316
317
318
319
319
31a
31b
31b
31c
31c
31d
31e
31e
31f
31f
320
320
321
321
322
322
323
323
323
324
324
324
325
325
325
326
326
326
326
327
327
327
327
327
327
328
328
328
328
328
328
328
328
328
328
328
328
328
328
328
327
327
327
327
327
327
326
326
326
326
325
325
325
324
324
324
323
323
323
322
322
321
321
320
320
31f
31f
31e
31e
31d
31c
31c
31b
31b
31a
319
319
318
317
316
316
315
314
313
312
312
311
310
30f
30e
30d
30c
30b
30a
30a
309
308
307
306
305
303
302
301
300
2ff
2fe
2fd
2fc
2fb
2f9
2f8
2f7
2f6
2f5
2f3
2f2
2f1
2f0
2ee
2ed
2ec
2ea
2e9
2e8
2e6
2e5
2e4
2e2
2e1
2df
2de
2dd
2db
2da
2d8
2d7
2d5
2d4
2d2
2d1
2cf
2cd
2cc
2ca
2c9
2c7
2c6
2c4
2c2
2c1
2bf
2bd
2bc
2ba
2b8
2b7
2b5
2b3
2b1
2b0
2ae
2ac
2aa
2a9
2a7
2a5
2a3
2a1
2a0
29e
29c
29a
298
296
294
293
291
28f
28d
28b
289
287
285
283
281
27f
27d
27b
279
277
275
274
272
270
26d
26b
269
267
265
263
261
25f
25d
25b
259
257
255
253
251
24f
24d
24a
248
246
244
242
240
23e
23c
23a
237
235
233
231
22f
22d
22b
228
226
224
222
220
21e
21b
219
217
215
213
211
20e
20c
20a
208
206
203
201
1ff
1fd
1fb
1f9
1f6
1f4
1f2
1f0
1ee
1eb
1e9
1e7
1e5
1e3
1e0
1de
1dc
1da
1d8
1d6
1d3
1d1
1cf
1cd
1cb
1c8
1c6
1c4
1c2
1c0
1be
1bb
1b9
1b7
1b5
1b3
1b0
1ae
1ac
1aa
1a8
1a6
1a4
1a1
19f
19d
19b
199
197
195
192
190
18e
18c
18a
188
186
184
182
17f
17d
17b
179
177
175
173
171
16f
16d
16b
169
167
165
163
161
15e
15c
15a
158
156
154
152
150
14e
14c
14a
149
147
145
143
141
13f
13d
13b
139
137
135
133
131
12f
12d
12c
12a
128
126
124
122
120
11e
11d
11b
119
117
115
114
112
110
10e
10c
10b
109
107
105
104
102
100
0fe
0fd
0fb
0f9
0f7
0f6
0f4
0f2
0f1
0ef
0ed
0ec
0ea
0e8
0e7
0e5
0e4
0e2
0e0
0df
0dd
0db
0da
0d8
0d7
0d5
0d4
0d2
0d1
0cf
0ce
0cc
0ca
0c9
0c7
0c6
0c5
0c3
0c2
0c0
0bf
0bd
0bc
0ba
0b9
0b8
0b6
0b5
0b3
0b2
0b1
0af
0ae
0ac
0ab
0aa
0a8
0a7
0a6
0a4
0a3
0a2
0a1
09f
09e
09d
09b
09a
099
098
096
095
094
093
092
090
08f
08e
08d
08c
08a
089
088
087
086
085
084
082
081
080
07f
07e
07d
07c
07b
07a
079
078
077
076
075
074
073
072
071
070
06f
06e
06d
06c
06b
06a
069
068
067
066
065
064
063
062
061
060
060
05f
05e
05d
05c
05b
05a
05a
059
058
057
056
055
055
054
053
052
051
051
050
04f
04e
04e
04d
04c
04b
04b
04a
049
049
048
047
046
046
045
044
044
043
042
042
041
040
040
03f
03e
03e
03d
03d
03c
03b
03b
03a
03a
039
038
038
037
037
036
036
035
034
034
033
033
032
032
031
031
030
030
02f
02f
02e
02e
02d
02d
02c
02c
02b
02b
02a
02a
029
029
029
028
028
027
027
026
026
026
025
025
024
024
024
023
023
022
022
022
021
021
020
020
020
01f
01f
01f
01e
01e
01e
01d
01d
01d
01c
01c
01c
01b
01b
01b
01a
01a
01a
019
019
019
019
018
018
018
017
017
017
017
016
016
016
016
015
015
015
015
014
014
014
014
013
013
013
013
012
012
012
012
012
011
011
011
011
010
010
010
010
010
00f
00f
00f
00f
00f
00f
00e
00e
00e
00e
00e
00d
00d
00d
00d
00d
00d
00c
00c
00c
00c
00c
00c
00c
00b
00b
00b
00b
00b
00b
00b
00a
00a
00a
00a
00a
00a
00a
009
009
009
009
009
009
009
009
008
008
008
008
008
008
008
008
008
008
007
007
007
007
007
007
007
007
007
007
006
006
006
006
006
006
006
006
006
006
006
006
005
005
005
005
005
005
005
005
005
005
005
005
005
005
004
004
004
004
004
004
004
004
004
004
004
004
004
004
004
004
004
003
003
003
003
003
003
003
003
003
003
003
003
003
003
003
003
003
003
003
003
003
003
003
002
002
002
002
002
002
002
002
002
002
002
002
002
002
002
002
002
002
002
002
002
002
002
002
002
002
002
002
002
002
002
002
002
001
001
001
001
001
001
001
001
001
001
001
001
001
001
001
001
001
001
001
001
001
001
001
001
001
001
001
001
001
001
001
001
001
001
001
001
001
001
001
001
001
001
001
001
001
001
001
001
001
001
001
001
001
001
001
001
001
001
001
001
001
001
001
001
001
001
000
000
000
000
000
000
000
000
000
000
000
000
000
000
000
000
000
000
000
000
000
000
000
000
000
000
000
000
000
000
000
000
000
000
000
000
000
000
000
000
000
000
000
000
000
000
000
000
000
000
000
000
000
000
000
000
000
000
000
000
000
000
000
000
000
000
000
000
000
000
000
000
000
000
000
000
000
000
000
000
000
000
000
000
000
000
000
000
000
000
000
000
000
000
000
000
000
000
000
000
000
000
000
000
000
000
000
000
000
000
000
000
000
000
000
000
000
000
000
000
000
000
000
000
000
000
000
000
000
000
000
000
000
000
000
000
000
000
000
000
000
000
000
000
000
000
000
000
000
000
000
000
000
000
000
000
000
000
000
000
000
000
000
000
000
000
000
000
000
000
000
000
000
000
000
000
000
000
000
000
000
000
000
000
000
000
000
000
000
000
000
000
000
000
000
000
000
000
000
000
000
000
000
000
000
000
000
000
000
000
000
000
000
000
000
000
000
000
000
000
000
000
000
000
000
000
000
000
000
000
000
000
000
000
000
000
000
000
000
000
000
