0000
0000
0000
0000
0000
0000
0000
0000
0000
0000
0000
0000
0000
0000
0000
0000
0000
0000
0000
0000
0000
0000
0000
0000
0000
0000
0000
0000
0000
0000
0000
0000
0000
0000
0000
0000
0000
0000
0000
0000
0000
0000
0000
0000
0000
0000
0000
0000
0000
0000
0000
0000
0000
0000
0000
0000
0000
0000
0000
0000
0000
0000
0000
0000
0000
0000
0000
0000
0000
0000
0000
0000
0000
0000
0000
0000
0000
0000
0000
0000
0000
0000
0000
0000
0000
0000
0000
0000
0000
0000
0000
0000
0000
0000
0000
0000
0000
0000
0000
0000
0000
0000
0000
0000
0000
0000
0000
0000
0000
0000
0000
0000
0000
0000
0000
0000
0000
0000
0000
0000
0000
0000
0000
0000
0000
0000
0000
0000
0000
0000
0000
0000
0000
0000
0000
0000
0000
0000
0000
0000
0000
0000
0000
0000
0000
0000
0000
0000
0000
0000
0000
0000
0000
0000
0000
0000
0000
0000
0000
0000
0000
0000
0000
0000
0000
0000
0000
0000
0000
0000
0000
0000
0000
0000
0000
0000
0000
0000
0000
0000
0000
0000
0000
0000
0000
0000
0000
0000
0000
0000
0000
0000
0000
0000
0000
0000
0000
0000
0000
0000
0000
0000
0000
0000
0000
0000
0000
0000
0000
0000
0000
0000
0000
0000
0000
0000
0000
0000
0000
0000
0000
0000
0000
0000
0000
0000
0000
0000
0000
0000
0000
0000
0000
0000
0000
0000
0000
0000
0000
0000
0000
0000
0000
0000
0000
0000
0000
0000
0000
0000
0000
0000
0000
0000
0000
0000
0000
0000
0000
0000
0000
0000
0000
0000
0000
0000
0000
0000
0000
0000
0000
0000
0000
0000
0000
0000
0000
0000
0000
0000
0000
0000
0000
0000
0000
0000
0000
0000
0000
0000
0000
0000
0000
0000
0000
0000
0000
0000
0000
0000
0000
0000
0000
0000
0000
0000
0000
0000
0000
0000
0000
0000
0000
0000
0000
0000
0000
0000
0000
0000
0000
0000
0000
0000
0000
0000
0000
0000
0000
0000
0000
0000
0000
0000
0000
0000
0000
0000
0000
0000
0000
0000
0000
0000
0000
0000
0000
0000
0000
0000
0000
0000
0000
0000
0000
0000
0000
0000
0000
0000
0000
0000
0000
0000
0000
0000
0000
0000
0000
0000
0000
0000
0000
0000
0000
0000
0000
0000
0000
0000
0000
0000
0000
0000
0000
0000
0000
0000
0000
0000
0000
0000
0000
0000
0000
0000
0000
0000
0000
0000
0000
0000
0000
0000
0000
0000
0000
0000
0000
0000
0000
0000
0000
0000
0000
0000
0000
0000
0000
0000
0000
0000
0000
0000
0000
0000
0000
0000
0000
0000
0000
0000
0000
0000
0000
0000
0000
0000
0000
0000
0000
0000
0000
0000
0000
0000
0000
0000
0000
0000
0000
0000
0000
0000
0000
0000
0000
0000
0000
0000
0000
0000
0000
0000
0000
0000
0000
0000
0000
0000
0000
0000
0000
0000
0000
0000
0000
0000
0000
0000
0000
0000
0000
0000
0000
0000
0000
0000
0000
0000
0000
0000
0000
0000
0000
0000
0000
0000
0000
0000
0000
0000
0000
0000
0000
0000
0000
0000
0000
0000
0000
0000
0000
0000
0000
0000
0000
0000
0000
0000
0000
0000
0000
0000
0000
0000
0000
0000
0000
0000
0000
0000
0000
0000
0000
0000
0000
0000
0000
0000
0000
0000
0000
0000
0000
0000
0000
0000
0000
0000
0000
0000
0000
0000
0000
0000
0000
0000
0000
0000
0000
0000
0000
0000
0000
0000
0000
0000
0000
0000
0000
0000
0000
0000
0000
0000
0000
0000
0000
0000
0000
0000
0000
0000
0000
0000
0000
0000
0000
0000
0000
0000
0000
0000
0000
0000
0000
0000
0000
0000
0000
0000
0000
0000
0000
0000
0000
0000
0000
0000
0000
0000
0000
0000
0000
0000
0000
0000
0000
0000
0000
0000
0000
0000
0000
0000
0000
0000
0000
0000
0000
0000
0000
0000
0000
0000
0000
0000
0000
0000
0000
0000
0000
0000
0000
0000
0000
0000
0000
0000
0000
0000
0000
0000
0000
0000
0000
0000
0000
0000
0000
0000
0000
0001
0001
0001
0001
0001
0001
0001
0001
0001
0001
0001
0001
0001
0001
0001
0001
0001
0001
0001
0001
0001
0001
0001
0001
0001
0001
0001
0001
0002
0002
0002
0002
0002
0002
0002
0002
0002
0002
0002
0002
0002
0003
0003
0003
0003
0003
0003
0003
0003
0003
0004
0004
0004
0004
0004
0004
0004
0005
0005
0005
0005
0005
0005
0006
0006
0006
0006
0006
0007
0007
0007
0007
0008
0008
0008
0008
0009
0009
0009
000a
000a
000a
000b
000b
000b
000c
000c
000d
000d
000e
000e
000e
000f
000f
0010
0010
0011
0012
0012
0013
0013
0014
0015
0015
0016
0017
0017
0018
0019
001a
001a
001b
001c
001d
001e
001f
0020
0021
0022
0023
0024
0025
0026
0027
0028
0029
002b
002c
002d
002e
0030
0031
0033
0034
0036
0037
0039
003a
003c
003e
003f
0041
0043
0045
0047
0049
004b
004d
004f
0051
0053
0056
0058
005a
005d
005f
0062
0065
0067
006a
006d
0070
0073
0076
0079
007c
007f
0082
0086
0089
008d
0090
0094
0097
009b
009f
00a3
00a7
00ab
00af
00b4
00b8
00bd
00c1
00c6
00cb
00cf
00d4
00d9
00df
00e4
00e9
00ef
00f4
00fa
0100
0105
010b
0112
0118
011e
0124
012b
0132
0138
013f
0146
014e
0155
015c
0164
016b
0173
017b
0183
018b
0194
019c
01a5
01ad
01b6
01bf
01c8
01d2
01db
01e5
01ef
01f8
0202
020d
0217
0221
022c
0237
0242
024d
0258
0264
026f
027b
0287
0293
029f
02ab
02b8
02c5
02d2
02df
02ec
02f9
0307
0314
0322
0330
033f
034d
035b
036a
0379
0388
0397
03a7
03b6
03c6
03d6
03e6
03f6
0406
0417
0428
0439
044a
045b
046c
047e
048f
04a1
04b3
04c6
04d8
04ea
04fd
0510
0523
0536
0549
055d
0570
0584
0598
05ac
05c0
05d4
05e8
05fd
0612
0626
063b
0650
0666
067b
0690
06a6
06bc
06d1
06e7
06fd
0713
0729
0740
0756
076d
0783
079a
07b0
07c7
07de
07f5
080c
0823
083a
0851
0869
0880
0897
08af
08c6
08de
08f5
090d
0924
093c
0953
096b
0982
099a
09b1
09c9
09e1
09f8
0a10
0a27
0a3e
0a56
0a6d
0a85
0a9c
0ab3
0aca
0ae1
0af8
0b0f
0b26
0b3d
0b53
0b6a
0b80
0b97
0bad
0bc3
0bd9
0bef
0c05
0c1b
0c30
0c45
0c5b
0c70
0c84
0c99
0cae
0cc2
0cd6
0cea
0cfe
0d12
0d25
0d38
0d4b
0d5e
0d70
0d83
0d95
0da7
0db8
0dca
0ddb
0dec
0dfc
0e0d
0e1d
0e2d
0e3c
0e4b
0e5a
0e69
0e78
0e86
0e93
0ea1
0eae
0ebb
0ec8
0ed4
0ee0
0eec
0ef7
0f02
0f0d
0f17
0f21
0f2b
0f34
0f3d
0f46
0f4e
0f56
0f5d
0f65
0f6b
0f72
0f78
0f7e
0f83
0f88
0f8d
0f91
0f95
0f99
0f9c
0f9f
0fa1
0fa3
0fa5
0fa6
0fa7
0fa8
0fa8
0fa8
0fa7
0fa6
0fa5
0fa3
0fa1
0f9f
0f9c
0f99
0f95
0f91
0f8d
0f88
0f83
0f7e
0f78
0f72
0f6b
0f65
0f5d
0f56
0f4e
0f46
0f3d
0f34
0f2b
0f21
0f17
0f0d
0f02
0ef7
0eec
0ee0
0ed4
0ec8
0ebb
0eae
0ea1
0e93
0e86
0e78
0e69
0e5a
0e4b
0e3c
0e2d
0e1d
0e0d
0dfc
0dec
0ddb
0dca
0db8
0da7
0d95
0d83
0d70
0d5e
0d4b
0d38
0d25
0d12
0cfe
0cea
0cd6
0cc2
0cae
0c99
0c84
0c70
0c5b
0c45
0c30
0c1b
0c05
0bef
0bd9
0bc3
0bad
0b97
0b80
0b6a
0b53
0b3d
0b26
0b0f
0af8
0ae1
0aca
0ab3
0a9c
0a85
0a6d
0a56
0a3e
0a27
0a10
09f8
09e1
09c9
09b1
099a
0982
096b
0953
093c
0924
090d
08f5
08de
08c6
08af
0897
0880
0869
0851
083a
0823
080c
07f5
07de
07c7
07b0
079a
0783
076d
0756
0740
0729
0713
06fd
06e7
06d1
06bc
06a6
0690
067b
0666
0650
063b
0626
0612
05fd
05e8
05d4
05c0
05ac
0598
0584
0570
055d
0549
0536
0523
0510
04fd
04ea
04d8
04c6
04b3
04a1
048f
047e
046c
045b
044a
0439
0428
0417
0406
03f6
03e6
03d6
03c6
03b6
03a7
0397
0388
0379
036a
035b
034d
033f
0330
0322
0314
0307
02f9
02ec
02df
02d2
02c5
02b8
02ab
029f
0293
0287
027b
026f
0264
0258
024d
0242
0237
022c
0221
0217
020d
0202
01f8
01ef
01e5
01db
01d2
01c8
01bf
01b6
01ad
01a5
019c
0194
018b
0183
017b
0173
016b
0164
015c
0155
014e
0146
013f
0138
0132
012b
0124
011e
0118
0112
010b
0105
0100
00fa
00f4
00ef
00e9
00e4
00df
00d9
00d4
00cf
00cb
00c6
00c1
00bd
00b8
00b4
00af
00ab
00a7
00a3
009f
009b
0097
0094
0090
008d
0089
0086
0082
007f
007c
0079
0076
0073
0070
006d
006a
0067
0065
0062
005f
005d
005a
0058
0056
0053
0051
004f
004d
004b
0049
0047
0045
0043
0041
003f
003e
003c
003a
0039
0037
0036
0034
0033
0031
0030
002e
002d
002c
002b
0029
0028
0027
0026
0025
0024
0023
0022
0021
0020
001f
001e
001d
001c
001b
001a
001a
0019
0018
0017
0017
0016
0015
0015
0014
0013
0013
0012
0012
0011
0010
0010
000f
000f
000e
000e
000e
000d
000d
000c
000c
000b
000b
000b
000a
000a
000a
0009
0009
0009
0008
0008
0008
0008
0007
0007
0007
0007
0006
0006
0006
0006
0006
0005
0005
0005
0005
0005
0005
0004
0004
0004
0004
0004
0004
0004
0003
0003
0003
0003
0003
0003
0003
0003
0003
0002
0002
0002
0002
0002
0002
0002
0002
0002
0002
0002
0002
0002
0001
0001
0001
0001
0001
0001
0001
0001
0001
0001
0001
0001
0001
0001
0001
0001
0001
0001
0001
0001
0001
0001
0001
0001
0001
0001
0001
0001
0000
0000
0000
0000
0000
0000
0000
0000
0000
0000
0000
0000
0000
0000
0000
0000
0000
0000
0000
0000
0000
0000
0000
0000
0000
0000
0000
0000
0000
0000
0000
0000
0000
0000
0000
0000
0000
0000
0000
0000
0000
0000
0000
0000
0000
0000
0000
0000
0000
0000
0000
0000
0000
0000
0000
0000
0000
0000
0000
0000
0000
0000
0000
0000
0000
0000
0000
0000
0000
0000
0000
0000
0000
0000
0000
0000
0000
0000
0000
0000
0000
0000
0000
0000
0000
0000
0000
0000
0000
0000
0000
0000
0000
0000
0000
0000
0000
0000
0000
0000
0000
0000
0000
0000
0000
0000
0000
0000
0000
0000
0000
0000
0000
0000
0000
0000
0000
0000
0000
0000
0000
0000
0000
0000
0000
0000
0000
0000
0000
0000
0000
0000
0000
0000
0000
0000
0000
0000
0000
0000
0000
0000
0000
0000
0000
0000
0000
0000
0000
0000
0000
0000
0000
0000
0000
0000
0000
0000
0000
0000
0000
0000
0000
0000
0000
0000
0000
0000
0000
0000
0000
0000
0000
0000
0000
0000
0000
0000
0000
0000
0000
0000
0000
0000
0000
0000
0000
0000
0000
0000
0000
0000
0000
0000
0000
0000
0000
0000
0000
0000
0000
0000
0000
0000
0000
0000
0000
0000
0000
0000
0000
0000
0000
0000
0000
0000
0000
0000
0000
0000
0000
0000
0000
0000
0000
0000
0000
0000
0000
0000
0000
0000
0000
0000
0000
0000
0000
0000
0000
0000
0000
0000
0000
0000
0000
0000
0000
0000
0000
0000
0000
0000
0000
0000
0000
0000
0000
0000
0000
0000
0000
0000
0000
0000
0000
0000
0000
0000
0000
0000
0000
0000
0000
0000
0000
0000
0000
0000
0000
0000
0000
0000
0000
0000
0000
0000
0000
0000
0000
0000
0000
0000
0000
0000
0000
0000
0000
0000
0000
0000
0000
0000
0000
0000
0000
0000
0000
0000
0000
0000
0000
0000
0000
0000
0000
0000
0000
0000
0000
0000
0000
0000
0000
0000
0000
0000
0000
0000
0000
0000
0000
0000
0000
0000
0000
0000
0000
0000
0000
0000
0000
0000
0000
0000
0000
0000
0000
0000
0000
0000
0000
0000
0000
0000
0000
0000
0000
0000
0000
0000
0000
0000
0000
0000
0000
0000
0000
0000
0000
0000
0000
0000
0000
0000
0000
0000
0000
0000
0000
0000
0000
0000
0000
0000
0000
0000
0000
0000
0000
0000
0000
0000
0000
0000
0000
0000
0000
0000
0000
0000
0000
0000
0000
0000
0000
0000
0000
0000
0000
0000
0000
0000
0000
0000
0000
0000
0000
0000
0000
0000
0000
0000
0000
0000
0000
0000
0000
0000
0000
0000
0000
0000
0000
0000
0000
0000
0000
0000
0000
0000
0000
0000
0000
0000
0000
0000
0000
0000
0000
0000
0000
0000
0000
0000
0000
0000
0000
0000
0000
0000
0000
0000
0000
0000
0000
0000
0000
0000
0000
0000
0000
0000
0000
0000
0000
0000
0000
0000
0000
0000
0000
0000
0000
0000
0000
0000
0000
0000
0000
0000
0000
0000
0000
0000
0000
0000
0000
0000
0000
0000
0000
0000
0000
0000
0000
0000
0000
0000
0000
0000
0000
0000
0000
0000
0000
0000
0000
0000
0000
0000
0000
0000
0000
0000
0000
0000
0000
0000
0000
0000
0000
0000
0000
0000
0000
0000
0000
0000
0000
0000
0000
0000
0000
0000
0000
0000
0000
0000
0000
0000
0000
0000
0000
0000
0000
0000
0000
0000
0000
0000
0000
0000
0000
0000
0000
0000
0000
0000
0000
0000
0000
0000
0000
0000
0000
0000
0000
0000
0000
0000
0000
0000
0000
0000
0000
0000
0000
0000
0000
0000
0000
0000
0000
0000
0000
0000
0000
0000
0000
0000
0000
0000
0000
0000
0000
0000
0000
0000
0000
0000
0000
0000
0000
0000
0000
0000
0000
0000
0000
0000
0000
0000
0000
0000
0000
0000
0000
0000
0000
0000
0000
0000
0000
0000
0000
0000
0000
0000
0000
0000
0000
0000
0000
0000
0000
0000
0000
0000
0000
0000
0000
0000
0000
0000
0000
0000
0000
0000
0000
0000
0000
0000
0000
