0000
0000
0000
0000
0000
0000
0000
0000
0000
0000
0000
0000
0000
0000
0000
0000
0000
0000
0000
0000
0000
0000
0000
0000
0000
0000
0000
0000
0000
0000
0000
0000
0000
0000
0000
0000
0000
0000
0000
0000
0000
0000
0000
0000
0000
0000
0000
0000
0000
0000
0000
0000
0000
0000
0000
0000
0000
0000
0000
0000
0000
0000
0000
0000
0000
0000
0000
0000
0000
0000
0000
0000
0000
0000
0000
0000
0000
0000
0000
0000
0000
0000
0000
0000
0000
0000
0000
0000
0000
0000
0000
0000
0000
0000
0000
0000
0000
0000
0000
0000
0000
0000
0000
0000
0000
0000
0000
0000
0000
0000
0000
0000
0000
0000
0000
0000
0000
0000
0000
0000
0000
0000
0000
0000
0000
0000
0000
0000
0000
0000
0000
0000
0000
0000
0000
0000
0000
0000
0000
0000
0000
0000
0000
0000
0000
0000
0000
0000
0000
0000
0000
0000
0000
0000
0000
0000
0000
0000
0000
0000
0000
0000
0000
0000
0000
0000
0000
0000
0000
0000
0000
0000
0000
0000
0000
0000
0000
0000
0000
0000
0000
0000
0000
0000
0000
0000
0000
0000
0000
0000
0000
0000
0000
0000
0000
0000
0000
0000
0000
0000
0000
0000
0000
0000
0000
0000
0000
0000
0000
0000
0000
0000
0000
0000
0000
0000
0000
0000
0000
0000
0000
0000
0000
0000
0000
0000
0000
0000
0000
0000
0000
0000
0000
0000
0000
0000
0000
0000
0000
0000
0000
0000
0000
0000
0000
0000
0000
0000
0000
0000
0000
0000
0000
0000
0000
0000
0000
0000
0000
0000
0000
0000
0000
0000
0000
0000
0000
0000
0000
0000
0000
0000
0000
0000
0000
0000
0000
0000
0000
0000
0000
0000
0000
0000
0000
0000
0000
0000
0000
0000
0000
0000
0000
0000
0000
0000
0000
0000
0000
0000
0000
0000
0000
0000
0000
0000
0000
0000
0000
0000
0000
0000
0000
0000
0000
0000
0000
0000
0000
0000
0000
0000
0000
0000
0000
0000
0000
0000
0000
0000
0000
0000
0000
0000
0000
0000
0000
0000
0000
0000
0000
0000
0000
0000
0000
0000
0000
0000
0000
0000
0000
0000
0000
0000
0000
0000
0000
0000
0000
0000
0000
0000
0000
0000
0000
0000
0000
0000
0000
0000
0000
0000
0000
0000
0000
0000
0000
0000
0000
0000
0000
0000
0000
0000
0000
0000
0000
0000
0000
0000
0000
0000
0000
0000
0000
0000
0000
0000
0000
0000
0000
0000
0000
0000
0000
0000
0000
0000
0000
0000
0000
0000
0000
0000
0000
0000
0000
0000
0000
0000
0000
0000
0000
0000
0000
0000
0000
0000
0000
0000
0000
0000
0000
0000
0000
0000
0000
0000
0000
0000
0000
0000
0000
0000
0000
0000
0000
0000
0000
0000
0000
0000
0000
0000
0000
0000
0000
0000
0000
0000
0000
0000
0000
0000
0000
0000
0000
0000
0000
0000
0000
0000
0000
0000
0000
0000
0000
0000
0000
0000
0000
0000
0000
0000
0000
0000
0000
0000
0000
0000
0000
0000
0000
0000
0000
0000
0000
0000
0000
0000
0000
0000
0000
0000
0000
0000
0000
0000
0000
0000
0000
0000
0000
0000
0000
0000
0000
0000
0000
0000
0000
0000
0000
0000
0000
0000
0000
0000
0000
0000
0000
0000
0000
0000
0000
0000
0000
0000
0000
0000
0000
0000
0000
0000
0000
0000
0000
0000
0000
0000
0000
0000
0000
0000
0000
0000
0000
0000
0000
0000
0000
0000
0000
0000
0000
0000
0000
0000
0000
0000
0000
0000
0000
0000
0000
0000
0000
0000
0000
0000
0000
0000
0000
0000
0000
0000
0000
0000
0000
0000
0000
0000
0000
0000
0000
0000
0000
0000
0000
0000
0000
0000
0000
0000
0000
0000
0000
0000
0000
0000
0000
0000
0000
0000
0001
0001
0001
0001
0001
0001
0001
0001
0001
0001
0001
0001
0001
0001
0001
0001
0001
0001
0001
0001
0001
0001
0001
0001
0001
0001
0001
0001
0001
0001
0001
0002
0002
0002
0002
0002
0002
0002
0002
0002
0002
0002
0002
0002
0002
0002
0003
0003
0003
0003
0003
0003
0003
0003
0003
0003
0004
0004
0004
0004
0004
0004
0004
0004
0005
0005
0005
0005
0005
0005
0006
0006
0006
0006
0006
0007
0007
0007
0007
0007
0008
0008
0008
0008
0009
0009
0009
0009
000a
000a
000a
000b
000b
000b
000c
000c
000c
000d
000d
000e
000e
000e
000f
000f
0010
0010
0011
0011
0012
0012
0013
0013
0014
0014
0015
0015
0016
0017
0017
0018
0019
0019
001a
001b
001c
001c
001d
001e
001f
0020
0020
0021
0022
0023
0024
0025
0026
0027
0028
0029
002a
002c
002d
002e
002f
0030
0032
0033
0034
0036
0037
0038
003a
003b
003d
003e
0040
0042
0043
0045
0047
0048
004a
004c
004e
0050
0052
0054
0056
0058
005a
005c
005f
0061
0063
0066
0068
006a
006d
0070
0072
0075
0078
007a
007d
0080
0083
0086
0089
008c
0090
0093
0096
009a
009d
00a0
00a4
00a8
00ab
00af
00b3
00b7
00bb
00bf
00c3
00c7
00cc
00d0
00d5
00d9
00de
00e2
00e7
00ec
00f1
00f6
00fb
0100
0106
010b
0110
0116
011c
0121
0127
012d
0133
0139
013f
0146
014c
0153
0159
0160
0167
016e
0175
017c
0183
018b
0192
019a
01a1
01a9
01b1
01b9
01c1
01c9
01d2
01da
01e3
01ec
01f4
01fd
0206
0210
0219
0222
022c
0236
023f
0249
0253
025e
0268
0272
027d
0288
0293
029e
02a9
02b4
02bf
02cb
02d6
02e2
02ee
02fa
0306
0313
031f
032c
0338
0345
0352
035f
036d
037a
0388
0395
03a3
03b1
03bf
03cd
03dc
03ea
03f9
0407
0416
0425
0434
0444
0453
0463
0472
0482
0492
04a2
04b2
04c3
04d3
04e4
04f4
0505
0516
0527
0539
054a
055b
056d
057f
0590
05a2
05b4
05c6
05d9
05eb
05fe
0610
0623
0636
0649
065c
066f
0682
0695
06a9
06bc
06d0
06e3
06f7
070b
071f
0733
0747
075b
076f
0783
0798
07ac
07c1
07d5
07ea
07fe
0813
0828
083d
0852
0866
087b
0890
08a5
08ba
08d0
08e5
08fa
090f
0924
0939
094e
0964
0979
098e
09a3
09b8
09ce
09e3
09f8
0a0d
0a22
0a37
0a4c
0a61
0a76
0a8b
0aa0
0ab5
0aca
0ade
0af3
0b08
0b1c
0b31
0b45
0b5a
0b6e
0b82
0b96
0baa
0bbe
0bd2
0be6
0bf9
0c0d
0c20
0c34
0c47
0c5a
0c6d
0c7f
0c92
0ca5
0cb7
0cc9
0cdb
0ced
0cff
0d11
0d22
0d33
0d45
0d56
0d66
0d77
0d87
0d98
0da8
0db7
0dc7
0dd6
0de6
0df5
0e04
0e12
0e21
0e2f
0e3d
0e4b
0e58
0e65
0e72
0e7f
0e8c
0e98
0ea4
0eb0
0ebc
0ec7
0ed2
0edd
0ee7
0ef2
0efc
0f06
0f0f
0f18
0f21
0f2a
0f32
0f3a
0f42
0f4a
0f51
0f58
0f5f
0f65
0f6c
0f71
0f77
0f7c
0f81
0f86
0f8a
0f8e
0f92
0f96
0f99
0f9c
0f9e
0fa1
0fa3
0fa4
0fa6
0fa7
0fa7
0fa8
0fa8
0fa8
0fa7
0fa7
0fa6
0fa4
0fa3
0fa1
0f9e
0f9c
0f99
0f96
0f92
0f8e
0f8a
0f86
0f81
0f7c
0f77
0f71
0f6c
0f65
0f5f
0f58
0f51
0f4a
0f42
0f3a
0f32
0f2a
0f21
0f18
0f0f
0f06
0efc
0ef2
0ee7
0edd
0ed2
0ec7
0ebc
0eb0
0ea4
0e98
0e8c
0e7f
0e72
0e65
0e58
0e4b
0e3d
0e2f
0e21
0e12
0e04
0df5
0de6
0dd6
0dc7
0db7
0da8
0d98
0d87
0d77
0d66
0d56
0d45
0d33
0d22
0d11
0cff
0ced
0cdb
0cc9
0cb7
0ca5
0c92
0c7f
0c6d
0c5a
0c47
0c34
0c20
0c0d
0bf9
0be6
0bd2
0bbe
0baa
0b96
0b82
0b6e
0b5a
0b45
0b31
0b1c
0b08
0af3
0ade
0aca
0ab5
0aa0
0a8b
0a76
0a61
0a4c
0a37
0a22
0a0d
09f8
09e3
09ce
09b8
09a3
098e
0979
0964
094e
0939
0924
090f
08fa
08e5
08d0
08ba
08a5
0890
087b
0866
0852
083d
0828
0813
07fe
07ea
07d5
07c1
07ac
0798
0783
076f
075b
0747
0733
071f
070b
06f7
06e3
06d0
06bc
06a9
0695
0682
066f
065c
0649
0636
0623
0610
05fe
05eb
05d9
05c6
05b4
05a2
0590
057f
056d
055b
054a
0539
0527
0516
0505
04f4
04e4
04d3
04c3
04b2
04a2
0492
0482
0472
0463
0453
0444
0434
0425
0416
0407
03f9
03ea
03dc
03cd
03bf
03b1
03a3
0395
0388
037a
036d
035f
0352
0345
0338
032c
031f
0313
0306
02fa
02ee
02e2
02d6
02cb
02bf
02b4
02a9
029e
0293
0288
027d
0272
0268
025e
0253
0249
023f
0236
022c
0222
0219
0210
0206
01fd
01f4
01ec
01e3
01da
01d2
01c9
01c1
01b9
01b1
01a9
01a1
019a
0192
018b
0183
017c
0175
016e
0167
0160
0159
0153
014c
0146
013f
0139
0133
012d
0127
0121
011c
0116
0110
010b
0106
0100
00fb
00f6
00f1
00ec
00e7
00e2
00de
00d9
00d5
00d0
00cc
00c7
00c3
00bf
00bb
00b7
00b3
00af
00ab
00a8
00a4
00a0
009d
009a
0096
0093
0090
008c
0089
0086
0083
0080
007d
007a
0078
0075
0072
0070
006d
006a
0068
0066
0063
0061
005f
005c
005a
0058
0056
0054
0052
0050
004e
004c
004a
0048
0047
0045
0043
0042
0040
003e
003d
003b
003a
0038
0037
0036
0034
0033
0032
0030
002f
002e
002d
002c
002a
0029
0028
0027
0026
0025
0024
0023
0022
0021
0020
0020
001f
001e
001d
001c
001c
001b
001a
0019
0019
0018
0017
0017
0016
0015
0015
0014
0014
0013
0013
0012
0012
0011
0011
0010
0010
000f
000f
000e
000e
000e
000d
000d
000c
000c
000c
000b
000b
000b
000a
000a
000a
0009
0009
0009
0009
0008
0008
0008
0008
0007
0007
0007
0007
0007
0006
0006
0006
0006
0006
0005
0005
0005
0005
0005
0005
0004
0004
0004
0004
0004
0004
0004
0004
0003
0003
0003
0003
0003
0003
0003
0003
0003
0003
0002
0002
0002
0002
0002
0002
0002
0002
0002
0002
0002
0002
0002
0002
0002
0001
0001
0001
0001
0001
0001
0001
0001
0001
0001
0001
0001
0001
0001
0001
0001
0001
0001
0001
0001
0001
0001
0001
0001
0001
0001
0001
0001
0001
0001
0001
0000
0000
0000
0000
0000
0000
0000
0000
0000
0000
0000
0000
0000
0000
0000
0000
0000
0000
0000
0000
0000
0000
0000
0000
0000
0000
0000
0000
0000
0000
0000
0000
0000
0000
0000
0000
0000
0000
0000
0000
0000
0000
0000
0000
0000
0000
0000
0000
0000
0000
0000
0000
0000
0000
0000
0000
0000
0000
0000
0000
0000
0000
0000
0000
0000
0000
0000
0000
0000
0000
0000
0000
0000
0000
0000
0000
0000
0000
0000
0000
0000
0000
0000
0000
0000
0000
0000
0000
0000
0000
0000
0000
0000
0000
0000
0000
0000
0000
0000
0000
0000
0000
0000
0000
0000
0000
0000
0000
0000
0000
0000
0000
0000
0000
0000
0000
0000
0000
0000
0000
0000
0000
0000
0000
0000
0000
0000
0000
0000
0000
0000
0000
0000
0000
0000
0000
0000
0000
0000
0000
0000
0000
0000
0000
0000
0000
0000
0000
0000
0000
0000
0000
0000
0000
0000
0000
0000
0000
0000
0000
0000
0000
0000
0000
0000
0000
0000
0000
0000
0000
0000
0000
0000
0000
0000
0000
0000
0000
0000
0000
0000
0000
0000
0000
0000
0000
0000
0000
0000
0000
0000
0000
0000
0000
0000
0000
0000
0000
0000
0000
0000
0000
0000
0000
0000
0000
0000
0000
0000
0000
0000
0000
0000
0000
0000
0000
0000
0000
0000
0000
0000
0000
0000
0000
0000
0000
0000
0000
0000
0000
0000
0000
0000
0000
0000
0000
0000
0000
0000
0000
0000
0000
0000
0000
0000
0000
0000
0000
0000
0000
0000
0000
0000
0000
0000
0000
0000
0000
0000
0000
0000
0000
0000
0000
0000
0000
0000
0000
0000
0000
0000
0000
0000
0000
0000
0000
0000
0000
0000
0000
0000
0000
0000
0000
0000
0000
0000
0000
0000
0000
0000
0000
0000
0000
0000
0000
0000
0000
0000
0000
0000
0000
0000
0000
0000
0000
0000
0000
0000
0000
0000
0000
0000
0000
0000
0000
0000
0000
0000
0000
0000
0000
0000
0000
0000
0000
0000
0000
0000
0000
0000
0000
0000
0000
0000
0000
0000
0000
0000
0000
0000
0000
0000
0000
0000
0000
0000
0000
0000
0000
0000
0000
0000
0000
0000
0000
0000
0000
0000
0000
0000
0000
0000
0000
0000
0000
0000
0000
0000
0000
0000
0000
0000
0000
0000
0000
0000
0000
0000
0000
0000
0000
0000
0000
0000
0000
0000
0000
0000
0000
0000
0000
0000
0000
0000
0000
0000
0000
0000
0000
0000
0000
0000
0000
0000
0000
0000
0000
0000
0000
0000
0000
0000
0000
0000
0000
0000
0000
0000
0000
0000
0000
0000
0000
0000
0000
0000
0000
0000
0000
0000
0000
0000
0000
0000
0000
0000
0000
0000
0000
0000
0000
0000
0000
0000
0000
0000
0000
0000
0000
0000
0000
0000
0000
0000
0000
0000
0000
0000
0000
0000
0000
0000
0000
0000
0000
0000
0000
0000
0000
0000
0000
0000
0000
0000
0000
0000
0000
0000
0000
0000
0000
0000
0000
0000
0000
0000
0000
0000
0000
0000
0000
0000
0000
0000
0000
0000
0000
0000
0000
0000
0000
0000
0000
0000
0000
0000
0000
0000
0000
0000
0000
0000
0000
0000
0000
0000
0000
0000
0000
0000
0000
0000
0000
0000
0000
0000
0000
0000
0000
0000
0000
0000
0000
0000
0000
0000
0000
0000
0000
0000
0000
0000
0000
0000
0000
0000
0000
0000
0000
0000
0000
0000
0000
0000
0000
0000
0000
0000
0000
0000
0000
0000
0000
0000
0000
0000
0000
0000
0000
0000
0000
0000
0000
0000
0000
0000
0000
0000
0000
0000
0000
0000
0000
0000
0000
0000
0000
0000
0000
0000
0000
0000
0000
0000
0000
0000
0000
0000
0000
0000
0000
0000
0000
0000
0000
0000
0000
0000
0000
0000
0000
0000
0000
