000
000
000
000
000
000
000
000
000
000
000
000
000
000
000
000
000
000
000
000
000
000
000
000
000
000
000
000
000
000
000
000
000
000
000
000
000
000
000
000
000
000
000
000
000
000
000
000
000
000
000
000
000
000
000
000
000
000
000
000
000
000
000
000
000
000
000
000
000
000
000
000
000
000
000
000
000
000
000
000
000
000
000
000
000
000
000
000
000
000
000
000
000
000
000
000
000
000
000
000
000
000
000
000
000
000
000
000
000
000
000
000
000
000
000
000
000
000
000
000
000
000
000
000
000
000
000
000
000
000
000
000
000
000
000
000
000
000
000
000
000
000
000
000
000
000
000
000
000
000
000
000
000
000
000
000
000
000
000
000
000
000
000
000
000
000
000
000
000
000
000
000
000
000
000
000
000
000
000
000
000
000
000
000
000
000
000
000
000
000
000
000
000
000
000
000
000
000
000
000
000
000
000
000
000
000
000
000
000
000
000
000
000
000
000
000
000
000
000
000
000
000
000
000
000
000
000
000
000
000
000
000
000
000
000
000
000
000
000
000
000
000
000
000
000
000
000
000
000
000
000
000
000
000
000
000
000
000
000
000
000
000
000
000
000
000
000
000
000
000
000
000
000
000
000
000
000
000
000
000
000
000
000
000
000
000
000
000
000
000
000
000
000
000
000
000
000
000
000
000
000
000
000
000
000
000
000
000
000
000
000
000
000
000
000
000
000
000
000
000
000
000
000
000
000
000
000
000
000
000
000
000
000
000
000
000
000
000
000
000
000
000
000
000
000
000
000
000
000
000
000
000
000
000
000
000
000
000
000
000
000
000
000
000
000
000
000
000
000
000
000
000
000
000
000
000
000
000
000
000
000
000
000
000
000
000
000
000
000
000
000
000
000
000
000
000
000
000
000
000
000
000
000
000
000
000
000
000
000
000
000
000
000
000
000
000
000
000
000
000
000
000
000
000
000
000
000
000
000
000
000
000
000
000
000
000
000
000
000
000
000
000
000
000
000
000
000
000
000
000
000
000
000
000
000
000
000
000
000
000
000
000
000
000
000
000
000
000
000
000
000
000
000
000
000
000
000
000
000
000
000
000
000
000
000
000
000
000
000
000
000
000
000
000
000
000
000
000
000
000
000
000
000
000
000
000
000
000
000
000
000
000
000
000
000
000
000
000
000
000
000
000
000
000
000
000
000
000
000
000
000
000
000
000
000
001
001
001
001
001
001
001
001
001
001
001
001
001
001
001
001
001
001
001
001
001
001
001
001
001
001
001
001
001
001
001
001
001
001
001
001
002
002
002
002
002
002
002
002
002
002
002
002
002
002
002
002
002
003
003
003
003
003
003
003
003
003
003
003
003
004
004
004
004
004
004
004
004
004
005
005
005
005
005
005
005
006
006
006
006
006
006
007
007
007
007
007
007
008
008
008
008
008
009
009
009
009
00a
00a
00a
00a
00b
00b
00b
00c
00c
00c
00c
00d
00d
00d
00e
00e
00f
00f
00f
010
010
010
011
011
012
012
013
013
014
014
014
015
016
016
017
017
018
018
019
019
01a
01b
01b
01c
01d
01d
01e
01f
01f
020
021
022
022
023
024
025
026
027
028
028
029
02a
02b
02c
02d
02e
02f
030
031
033
034
035
036
037
038
03a
03b
03c
03e
03f
040
042
043
044
046
047
049
04b
04c
04e
04f
051
053
054
056
058
05a
05c
05e
060
062
064
066
068
06a
06c
06e
070
073
075
077
07a
07c
07e
081
083
086
089
08b
08e
091
094
096
099
09c
09f
0a2
0a5
0a9
0ac
0af
0b2
0b6
0b9
0bc
0c0
0c4
0c7
0cb
0cf
0d2
0d6
0da
0de
0e2
0e6
0ea
0ee
0f3
0f7
0fb
100
104
109
10d
112
117
11c
121
126
12b
130
135
13a
13f
145
14a
150
155
15b
161
167
16d
173
179
17f
185
18b
192
198
19f
1a5
1ac
1b3
1ba
1c0
1c7
1cf
1d6
1dd
1e4
1ec
1f3
1fb
203
20b
212
21a
222
22b
233
23b
244
24c
255
25d
266
26f
278
281
28a
294
29d
2a6
2b0
2ba
2c3
2cd
2d7
2e1
2eb
2f5
300
30a
315
31f
32a
335
340
34b
356
361
36c
378
383
38f
39a
3a6
3b2
3be
3ca
3d6
3e2
3ef
3fb
408
414
421
42e
43b
448
455
462
470
47d
48b
498
4a6
4b4
4c1
4cf
4dd
4ec
4fa
508
517
525
534
542
551
560
56f
57e
58d
59c
5ab
5ba
5ca
5d9
5e9
5f9
608
618
628
638
648
658
668
678
688
699
6a9
6ba
6ca
6db
6eb
6fc
70d
71e
72e
73f
750
761
772
783
795
7a6
7b7
7c8
7da
7eb
7fc
80e
81f
831
842
854
865
877
889
89a
8ac
8bd
8cf
8e1
8f2
904
916
928
939
94b
95d
96f
980
992
9a4
9b5
9c7
9d9
9ea
9fc
a0d
a1f
a31
a42
a54
a65
a76
a88
a99
aaa
abc
acd
ade
aef
b00
b11
b22
b33
b44
b55
b65
b76
b87
b97
ba7
bb8
bc8
bd8
be8
bf8
c08
c18
c28
c37
c47
c56
c66
c75
c84
c93
ca2
cb1
cc0
cce
cdd
ceb
cf9
d07
d15
d23
d31
d3e
d4b
d59
d66
d73
d80
d8c
d99
da5
db2
dbe
dca
dd5
de1
ded
df8
e03
e0e
e19
e23
e2e
e38
e42
e4c
e56
e5f
e69
e72
e7b
e84
e8d
e95
e9d
ea5
ead
eb5
ebc
ec4
ecb
ed2
ed8
edf
ee5
eeb
ef1
ef7
efc
f02
f07
f0b
f10
f15
f19
f1d
f21
f24
f27
f2b
f2e
f30
f33
f35
f37
f39
f3b
f3c
f3d
f3e
f3f
f40
f40
f40
f40
f40
f3f
f3e
f3d
f3c
f3b
f39
f37
f35
f33
f30
f2e
f2b
f27
f24
f21
f1d
f19
f15
f10
f0b
f07
f02
efc
ef7
ef1
eeb
ee5
edf
ed8
ed2
ecb
ec4
ebc
eb5
ead
ea5
e9d
e95
e8d
e84
e7b
e72
e69
e5f
e56
e4c
e42
e38
e2e
e23
e19
e0e
e03
df8
ded
de1
dd5
dca
dbe
db2
da5
d99
d8c
d80
d73
d66
d59
d4b
d3e
d31
d23
d15
d07
cf9
ceb
cdd
cce
cc0
cb1
ca2
c93
c84
c75
c66
c56
c47
c37
c28
c18
c08
bf8
be8
bd8
bc8
bb8
ba7
b97
b87
b76
b65
b55
b44
b33
b22
b11
b00
aef
ade
acd
abc
aaa
a99
a88
a76
a65
a54
a42
a31
a1f
a0d
9fc
9ea
9d9
9c7
9b5
9a4
992
980
96f
95d
94b
939
928
916
904
8f2
8e1
8cf
8bd
8ac
89a
889
877
865
854
842
831
81f
80e
7fc
7eb
7da
7c8
7b7
7a6
795
783
772
761
750
73f
72e
71e
70d
6fc
6eb
6db
6ca
6ba
6a9
699
688
678
668
658
648
638
628
618
608
5f9
5e9
5d9
5ca
5ba
5ab
59c
58d
57e
56f
560
551
542
534
525
517
508
4fa
4ec
4dd
4cf
4c1
4b4
4a6
498
48b
47d
470
462
455
448
43b
42e
421
414
408
3fb
3ef
3e2
3d6
3ca
3be
3b2
3a6
39a
38f
383
378
36c
361
356
34b
340
335
32a
31f
315
30a
300
2f5
2eb
2e1
2d7
2cd
2c3
2ba
2b0
2a6
29d
294
28a
281
278
26f
266
25d
255
24c
244
23b
233
22b
222
21a
212
20b
203
1fb
1f3
1ec
1e4
1dd
1d6
1cf
1c7
1c0
1ba
1b3
1ac
1a5
19f
198
192
18b
185
17f
179
173
16d
167
161
15b
155
150
14a
145
13f
13a
135
130
12b
126
121
11c
117
112
10d
109
104
100
0fb
0f7
0f3
0ee
0ea
0e6
0e2
0de
0da
0d6
0d2
0cf
0cb
0c7
0c4
0c0
0bc
0b9
0b6
0b2
0af
0ac
0a9
0a5
0a2
09f
09c
099
096
094
091
08e
08b
089
086
083
081
07e
07c
07a
077
075
073
070
06e
06c
06a
068
066
064
062
060
05e
05c
05a
058
056
054
053
051
04f
04e
04c
04b
049
047
046
044
043
042
040
03f
03e
03c
03b
03a
038
037
036
035
034
033
031
030
02f
02e
02d
02c
02b
02a
029
028
028
027
026
025
024
023
022
022
021
020
01f
01f
01e
01d
01d
01c
01b
01b
01a
019
019
018
018
017
017
016
016
015
014
014
014
013
013
012
012
011
011
010
010
010
00f
00f
00f
00e
00e
00d
00d
00d
00c
00c
00c
00c
00b
00b
00b
00a
00a
00a
00a
009
009
009
009
008
008
008
008
008
007
007
007
007
007
007
006
006
006
006
006
006
005
005
005
005
005
005
005
004
004
004
004
004
004
004
004
004
003
003
003
003
003
003
003
003
003
003
003
003
002
002
002
002
002
002
002
002
002
002
002
002
002
002
002
002
002
001
001
001
001
001
001
001
001
001
001
001
001
001
001
001
001
001
001
001
001
001
001
001
001
001
001
001
001
001
001
001
001
001
001
001
001
000
000
000
000
000
000
000
000
000
000
000
000
000
000
000
000
000
000
000
000
000
000
000
000
000
000
000
000
000
000
000
000
000
000
000
000
000
000
000
000
000
000
000
000
000
000
000
000
000
000
000
000
000
000
000
000
000
000
000
000
000
000
000
000
000
000
000
000
000
000
000
000
000
000
000
000
000
000
000
000
000
000
000
000
000
000
000
000
000
000
000
000
000
000
000
000
000
000
000
000
000
000
000
000
000
000
000
000
000
000
000
000
000
000
000
000
000
000
000
000
000
000
000
000
000
000
000
000
000
000
000
000
000
000
000
000
000
000
000
000
000
000
000
000
000
000
000
000
000
000
000
000
000
000
000
000
000
000
000
000
000
000
000
000
000
000
000
000
000
000
000
000
000
000
000
000
000
000
000
000
000
000
000
000
000
000
000
000
000
000
000
000
000
000
000
000
000
000
000
000
000
000
000
000
000
000
000
000
000
000
000
000
000
000
000
000
000
000
000
000
000
000
000
000
000
000
000
000
000
000
000
000
000
000
000
000
000
000
000
000
000
000
000
000
000
000
000
000
000
000
000
000
000
000
000
000
000
000
000
000
000
000
000
000
000
000
000
000
000
000
000
000
000
000
000
000
000
000
000
000
000
000
000
000
000
000
000
000
000
000
000
000
000
000
000
000
000
000
000
000
000
000
000
000
000
000
000
000
000
000
000
000
000
000
000
000
000
000
000
000
000
000
000
000
000
000
000
000
000
000
000
000
000
000
000
000
000
000
000
000
000
000
000
000
000
000
000
000
000
000
000
000
000
000
000
000
000
000
000
000
000
000
000
000
000
000
000
000
000
000
000
000
000
000
000
000
000
000
000
000
000
000
000
000
000
000
000
000
000
000
000
000
000
000
000
000
000
000
000
000
000
000
000
000
000
000
000
000
000
000
000
000
000
000
000
000
000
000
000
000
000
000
000
000
000
000
000
000
000
000
000
000
000
000
000
000
000
000
000
000
000
000
000
000
000
000
000
000
000
000
000
000
000
000
000
000
000
000
000
000
000
000
000
000
000
000
000
000
000
000
000
000
000
000
000
000
000
000
000
000
000
000
000
000
000
000
000
000
000
000
000
000
000
000
000
000
000
000
000
000
000
000
000
000
000
000
000
000
000
000
000
000
000
000
000
000
000
000
000
000
000
000
000
000
000
000
000
000
000
000
000
000
000
000
000
