000
000
000
000
000
000
000
000
000
000
000
000
000
000
000
000
000
000
000
000
000
000
000
000
000
000
000
000
000
000
000
000
000
000
000
000
000
000
000
000
000
000
000
000
000
000
000
000
000
000
000
000
000
000
000
000
000
000
000
000
000
000
000
000
000
000
000
000
000
000
000
000
000
000
000
000
000
000
000
000
000
000
000
000
000
000
000
000
000
000
000
000
000
000
000
000
000
000
000
000
000
000
000
000
000
000
000
000
000
000
000
000
000
000
000
000
000
000
000
000
000
000
000
000
000
000
000
000
000
000
000
000
000
000
000
000
000
000
000
000
000
000
000
000
000
000
000
000
000
000
000
000
000
000
000
000
000
000
000
000
000
000
000
000
000
000
000
000
000
000
000
000
000
000
000
000
000
000
000
000
000
000
000
000
000
000
000
000
000
000
000
000
000
000
000
000
000
000
000
000
000
000
000
000
000
000
000
000
000
000
000
000
000
000
000
000
000
000
000
000
000
000
000
000
000
000
000
000
000
000
000
000
000
000
000
000
000
000
000
000
000
000
000
000
000
000
000
000
000
000
000
000
000
000
000
000
000
000
000
000
000
000
000
000
000
000
000
000
000
000
000
000
000
000
000
000
000
000
000
000
000
000
000
000
000
000
000
000
000
000
000
000
000
000
000
000
000
000
000
000
000
000
000
000
000
000
000
000
000
000
000
000
000
000
000
000
000
000
000
000
000
000
000
000
000
000
000
000
000
000
000
000
000
000
000
000
000
000
000
000
000
000
000
000
000
000
000
000
000
000
000
000
000
000
000
000
000
000
000
000
000
000
000
000
000
000
000
000
000
000
000
000
000
000
000
000
000
000
000
000
000
000
000
000
000
000
000
000
000
000
000
000
000
000
000
000
000
000
000
000
000
000
000
000
000
000
000
000
000
000
000
000
000
000
000
000
000
000
000
000
000
000
000
000
000
000
000
000
000
000
000
000
000
000
000
000
000
000
000
000
000
000
000
000
000
000
000
000
000
000
000
000
000
000
000
000
000
000
000
000
000
000
000
000
000
000
000
000
000
000
000
000
000
000
000
000
000
000
000
000
000
000
000
000
000
000
000
000
000
000
000
000
000
000
000
000
000
000
000
000
000
000
000
000
000
000
000
000
000
000
000
000
000
000
000
000
000
000
000
000
000
000
000
000
000
000
000
000
000
000
000
000
000
000
000
000
000
000
000
000
000
000
000
000
000
000
000
000
000
000
000
000
000
000
000
000
000
000
000
000
000
000
000
000
000
000
000
000
000
000
000
000
000
000
000
000
000
000
000
001
001
001
001
001
001
001
001
001
001
001
001
001
001
001
001
001
001
001
001
001
001
001
001
001
001
001
001
001
001
001
001
001
002
002
002
002
002
002
002
002
002
002
002
002
002
002
002
002
003
003
003
003
003
003
003
003
003
003
003
004
004
004
004
004
004
004
004
004
005
005
005
005
005
005
006
006
006
006
006
006
007
007
007
007
007
008
008
008
008
008
009
009
009
00a
00a
00a
00a
00b
00b
00b
00c
00c
00c
00d
00d
00d
00e
00e
00e
00f
00f
010
010
010
011
011
012
012
013
013
014
014
015
016
016
017
017
018
019
019
01a
01a
01b
01c
01d
01d
01e
01f
020
020
021
022
023
024
025
026
027
028
029
02a
02b
02c
02d
02e
02f
030
031
032
034
035
036
038
039
03a
03c
03d
03e
040
041
043
045
046
048
049
04b
04d
04f
050
052
054
056
058
05a
05c
05e
060
062
065
067
069
06b
06e
070
073
075
078
07a
07d
080
082
085
088
08b
08e
091
094
097
09a
09d
0a0
0a4
0a7
0ab
0ae
0b2
0b5
0b9
0bd
0c0
0c4
0c8
0cc
0d0
0d4
0d9
0dd
0e1
0e6
0ea
0ef
0f3
0f8
0fd
102
107
10c
111
116
11b
120
126
12b
131
136
13c
142
148
14e
154
15a
160
166
16d
173
17a
181
187
18e
195
19c
1a3
1ab
1b2
1b9
1c1
1c9
1d0
1d8
1e0
1e8
1f0
1f9
201
209
212
21b
223
22c
235
23e
247
251
25a
264
26d
277
281
28b
295
29f
2a9
2b4
2be
2c9
2d4
2de
2e9
2f4
300
30b
316
322
32e
339
345
351
35d
36a
376
382
38f
39c
3a8
3b5
3c2
3cf
3dd
3ea
3f8
405
413
421
42f
43d
44b
459
468
476
485
493
4a2
4b1
4c0
4cf
4de
4ee
4fd
50d
51d
52c
53c
54c
55c
56c
57d
58d
59d
5ae
5bf
5cf
5e0
5f1
602
613
624
636
647
659
66a
67c
68d
69f
6b1
6c3
6d5
6e7
6f9
70b
71d
730
742
754
767
779
78c
79f
7b1
7c4
7d7
7ea
7fd
810
822
835
848
85c
86f
882
895
8a8
8bb
8ce
8e2
8f5
908
91b
92e
942
955
968
97b
98f
9a2
9b5
9c8
9db
9ee
a02
a15
a28
a3b
a4e
a61
a74
a87
a99
aac
abf
ad2
ae4
af7
b09
b1c
b2e
b40
b52
b65
b77
b89
b9a
bac
bbe
bd0
be1
bf3
c04
c15
c26
c37
c48
c59
c69
c7a
c8a
c9a
cab
cbb
cca
cda
cea
cf9
d08
d18
d26
d35
d44
d52
d61
d6f
d7d
d8b
d98
da6
db3
dc0
dcd
dda
de6
df3
dff
e0b
e17
e22
e2e
e39
e44
e4e
e59
e63
e6d
e77
e81
e8a
e94
e9d
ea5
eae
eb6
ebe
ec6
ece
ed5
edc
ee3
eea
ef0
ef6
efc
f02
f08
f0d
f12
f16
f1b
f1f
f23
f27
f2a
f2d
f30
f33
f36
f38
f3a
f3b
f3d
f3e
f3f
f3f
f40
f40
f40
f3f
f3f
f3e
f3d
f3b
f3a
f38
f36
f33
f30
f2d
f2a
f27
f23
f1f
f1b
f16
f12
f0d
f08
f02
efc
ef6
ef0
eea
ee3
edc
ed5
ece
ec6
ebe
eb6
eae
ea5
e9d
e94
e8a
e81
e77
e6d
e63
e59
e4e
e44
e39
e2e
e22
e17
e0b
dff
df3
de6
dda
dcd
dc0
db3
da6
d98
d8b
d7d
d6f
d61
d52
d44
d35
d26
d18
d08
cf9
cea
cda
cca
cbb
cab
c9a
c8a
c7a
c69
c59
c48
c37
c26
c15
c04
bf3
be1
bd0
bbe
bac
b9a
b89
b77
b65
b52
b40
b2e
b1c
b09
af7
ae4
ad2
abf
aac
a99
a87
a74
a61
a4e
a3b
a28
a15
a02
9ee
9db
9c8
9b5
9a2
98f
97b
968
955
942
92e
91b
908
8f5
8e2
8ce
8bb
8a8
895
882
86f
85c
848
835
822
810
7fd
7ea
7d7
7c4
7b1
79f
78c
779
767
754
742
730
71d
70b
6f9
6e7
6d5
6c3
6b1
69f
68d
67c
66a
659
647
636
624
613
602
5f1
5e0
5cf
5bf
5ae
59d
58d
57d
56c
55c
54c
53c
52c
51d
50d
4fd
4ee
4de
4cf
4c0
4b1
4a2
493
485
476
468
459
44b
43d
42f
421
413
405
3f8
3ea
3dd
3cf
3c2
3b5
3a8
39c
38f
382
376
36a
35d
351
345
339
32e
322
316
30b
300
2f4
2e9
2de
2d4
2c9
2be
2b4
2a9
29f
295
28b
281
277
26d
264
25a
251
247
23e
235
22c
223
21b
212
209
201
1f9
1f0
1e8
1e0
1d8
1d0
1c9
1c1
1b9
1b2
1ab
1a3
19c
195
18e
187
181
17a
173
16d
166
160
15a
154
14e
148
142
13c
136
131
12b
126
120
11b
116
111
10c
107
102
0fd
0f8
0f3
0ef
0ea
0e6
0e1
0dd
0d9
0d4
0d0
0cc
0c8
0c4
0c0
0bd
0b9
0b5
0b2
0ae
0ab
0a7
0a4
0a0
09d
09a
097
094
091
08e
08b
088
085
082
080
07d
07a
078
075
073
070
06e
06b
069
067
065
062
060
05e
05c
05a
058
056
054
052
050
04f
04d
04b
049
048
046
045
043
041
040
03e
03d
03c
03a
039
038
036
035
034
032
031
030
02f
02e
02d
02c
02b
02a
029
028
027
026
025
024
023
022
021
020
020
01f
01e
01d
01d
01c
01b
01a
01a
019
019
018
017
017
016
016
015
014
014
013
013
012
012
011
011
010
010
010
00f
00f
00e
00e
00e
00d
00d
00d
00c
00c
00c
00b
00b
00b
00a
00a
00a
00a
009
009
009
008
008
008
008
008
007
007
007
007
007
006
006
006
006
006
006
005
005
005
005
005
005
004
004
004
004
004
004
004
004
004
003
003
003
003
003
003
003
003
003
003
003
002
002
002
002
002
002
002
002
002
002
002
002
002
002
002
002
001
001
001
001
001
001
001
001
001
001
001
001
001
001
001
001
001
001
001
001
001
001
001
001
001
001
001
001
001
001
001
001
001
000
000
000
000
000
000
000
000
000
000
000
000
000
000
000
000
000
000
000
000
000
000
000
000
000
000
000
000
000
000
000
000
000
000
000
000
000
000
000
000
000
000
000
000
000
000
000
000
000
000
000
000
000
000
000
000
000
000
000
000
000
000
000
000
000
000
000
000
000
000
000
000
000
000
000
000
000
000
000
000
000
000
000
000
000
000
000
000
000
000
000
000
000
000
000
000
000
000
000
000
000
000
000
000
000
000
000
000
000
000
000
000
000
000
000
000
000
000
000
000
000
000
000
000
000
000
000
000
000
000
000
000
000
000
000
000
000
000
000
000
000
000
000
000
000
000
000
000
000
000
000
000
000
000
000
000
000
000
000
000
000
000
000
000
000
000
000
000
000
000
000
000
000
000
000
000
000
000
000
000
000
000
000
000
000
000
000
000
000
000
000
000
000
000
000
000
000
000
000
000
000
000
000
000
000
000
000
000
000
000
000
000
000
000
000
000
000
000
000
000
000
000
000
000
000
000
000
000
000
000
000
000
000
000
000
000
000
000
000
000
000
000
000
000
000
000
000
000
000
000
000
000
000
000
000
000
000
000
000
000
000
000
000
000
000
000
000
000
000
000
000
000
000
000
000
000
000
000
000
000
000
000
000
000
000
000
000
000
000
000
000
000
000
000
000
000
000
000
000
000
000
000
000
000
000
000
000
000
000
000
000
000
000
000
000
000
000
000
000
000
000
000
000
000
000
000
000
000
000
000
000
000
000
000
000
000
000
000
000
000
000
000
000
000
000
000
000
000
000
000
000
000
000
000
000
000
000
000
000
000
000
000
000
000
000
000
000
000
000
000
000
000
000
000
000
000
000
000
000
000
000
000
000
000
000
000
000
000
000
000
000
000
000
000
000
000
000
000
000
000
000
000
000
000
000
000
000
000
000
000
000
000
000
000
000
000
000
000
000
000
000
000
000
000
000
000
000
000
000
000
000
000
000
000
000
000
000
000
000
000
000
000
000
000
000
000
000
000
000
000
000
000
000
000
000
000
000
000
000
000
000
000
000
000
000
000
000
000
000
000
000
000
000
000
000
000
000
000
000
000
000
000
000
000
000
000
000
000
000
000
000
000
000
000
000
000
000
000
000
000
000
000
000
000
000
000
000
000
000
000
000
000
000
000
000
000
000
000
000
000
000
000
000
000
000
000
000
000
000
000
000
000
000
000
000
000
000
000
000
000
000
000
000
000
000
000
000
000
000
000
000
000
000
000
000
000
000
000
000
000
000
000
000
000
000
000
000
000
000
000
000
000
000
000
000
000
000
000
000
