0000
0000
0000
0000
0000
0000
0000
0000
0000
0000
0000
0000
0000
0000
0000
0000
0000
0000
0000
0000
0000
0000
0000
0000
0000
0000
0000
0000
0000
0000
0000
0000
0000
0000
0000
0000
0000
0000
0000
0000
0000
0000
0000
0000
0000
0000
0000
0000
0000
0000
0000
0000
0000
0000
0000
0000
0000
0000
0000
0000
0000
0000
0000
0000
0000
0000
0000
0000
0000
0000
0000
0000
0000
0000
0000
0000
0000
0000
0000
0000
0000
0000
0000
0000
0000
0000
0000
0000
0000
0000
0000
0000
0000
0000
0000
0000
0000
0000
0000
0000
0000
0000
0000
0000
0000
0000
0000
0000
0000
0000
0000
0000
0000
0000
0000
0000
0000
0000
0000
0000
0000
0000
0000
0000
0000
0000
0000
0000
0000
0000
0000
0000
0000
0000
0000
0000
0000
0000
0000
0000
0000
0000
0000
0000
0000
0000
0000
0000
0000
0000
0000
0000
0000
0000
0000
0000
0000
0000
0000
0000
0000
0000
0000
0000
0000
0000
0000
0000
0000
0000
0000
0000
0000
0000
0000
0000
0000
0000
0000
0000
0000
0000
0000
0000
0000
0000
0000
0000
0000
0000
0000
0000
0000
0000
0000
0000
0000
0000
0000
0000
0000
0000
0000
0000
0000
0000
0000
0000
0000
0000
0000
0000
0000
0000
0000
0000
0000
0000
0000
0000
0000
0000
0000
0000
0000
0000
0000
0000
0000
0000
0000
0000
0000
0000
0000
0000
0000
0000
0000
0000
0000
0000
0000
0000
0000
0000
0000
0000
0000
0000
0000
0000
0000
0000
0000
0000
0000
0000
0000
0000
0000
0000
0000
0000
0000
0000
0000
0000
0000
0000
0000
0000
0000
0000
0000
0000
0000
0000
0000
0000
0000
0000
0000
0000
0000
0000
0000
0000
0000
0000
0000
0000
0000
0000
0000
0000
0000
0000
0000
0000
0000
0000
0000
0000
0000
0000
0000
0000
0000
0000
0000
0000
0000
0000
0000
0000
0000
0000
0000
0000
0000
0000
0000
0000
0000
0000
0000
0000
0000
0000
0000
0000
0000
0000
0000
0000
0000
0000
0000
0000
0000
0000
0000
0000
0000
0000
0000
0000
0000
0000
0000
0000
0000
0000
0000
0000
0000
0000
0000
0000
0000
0000
0000
0000
0000
0000
0000
0000
0000
0000
0000
0000
0000
0000
0000
0000
0000
0000
0000
0000
0000
0000
0000
0000
0000
0000
0000
0000
0000
0000
0000
0000
0000
0000
0000
0000
0000
0000
0000
0000
0000
0000
0000
0000
0000
0000
0000
0000
0000
0000
0000
0000
0000
0000
0000
0000
0000
0000
0000
0000
0000
0000
0000
0000
0000
0000
0000
0000
0000
0000
0000
0000
0000
0000
0000
0000
0000
0000
0000
0000
0000
0000
0000
0000
0000
0000
0000
0000
0000
0000
0000
0000
0000
0000
0000
0000
0000
0000
0000
0000
0000
0000
0000
0000
0000
0000
0000
0000
0000
0000
0000
0000
0000
0000
0000
0000
0000
0000
0000
0000
0000
0000
0000
0000
0000
0000
0000
0000
0000
0000
0000
0000
0000
0000
0000
0000
0000
0000
0000
0000
0000
0000
0000
0000
0000
0000
0000
0000
0000
0000
0000
0000
0000
0000
0000
0000
0000
0000
0000
0000
0000
0000
0000
0000
0000
0000
0000
0000
0000
0000
0000
0000
0000
0000
0000
0000
0000
0000
0000
0000
0000
0000
0000
0000
0000
0000
0000
0000
0000
0000
0000
0000
0000
0000
0000
0000
0000
0000
0000
0000
0000
0000
0000
0000
0000
0000
0000
0000
0000
0000
0000
0000
0000
0000
0000
0000
0000
0000
0000
0000
0000
0000
0000
0000
0000
0000
0000
0000
0000
0000
0000
0000
0000
0000
0000
0000
0000
0000
0000
0000
0000
0000
0000
0000
0000
0000
0000
0000
0000
0000
0000
0000
0000
0000
0000
0000
0000
0000
0000
0000
0001
0001
0001
0001
0001
0001
0001
0001
0001
0001
0001
0001
0001
0001
0001
0001
0001
0001
0001
0001
0001
0001
0001
0001
0001
0001
0001
0001
0001
0001
0001
0002
0002
0002
0002
0002
0002
0002
0002
0002
0002
0002
0002
0002
0002
0002
0003
0003
0003
0003
0003
0003
0003
0003
0003
0003
0004
0004
0004
0004
0004
0004
0004
0005
0005
0005
0005
0005
0005
0006
0006
0006
0006
0006
0006
0007
0007
0007
0007
0008
0008
0008
0008
0009
0009
0009
0009
000a
000a
000a
000b
000b
000b
000c
000c
000c
000d
000d
000e
000e
000e
000f
000f
0010
0010
0011
0011
0012
0012
0013
0013
0014
0014
0015
0016
0016
0017
0018
0018
0019
001a
001a
001b
001c
001d
001d
001e
001f
0020
0021
0022
0023
0024
0025
0026
0027
0028
0029
002a
002b
002c
002d
002f
0030
0031
0032
0034
0035
0036
0038
0039
003b
003c
003e
0040
0041
0043
0045
0046
0048
004a
004c
004e
0050
0052
0054
0056
0058
005a
005c
005e
0061
0063
0066
0068
006a
006d
0070
0072
0075
0078
007b
007e
0080
0084
0087
008a
008d
0090
0093
0097
009a
009e
00a1
00a5
00a9
00ad
00b0
00b4
00b8
00bc
00c1
00c5
00c9
00cd
00d2
00d6
00db
00e0
00e5
00e9
00ee
00f3
00f9
00fe
0103
0109
010e
0114
0119
011f
0125
012b
0131
0137
013d
0144
014a
0151
0157
015e
0165
016c
0173
017a
0182
0189
0191
0198
01a0
01a8
01b0
01b8
01c0
01c9
01d1
01da
01e2
01eb
01f4
01fd
0206
0210
0219
0223
022d
0236
0240
024a
0255
025f
0269
0274
027f
028a
0295
02a0
02ab
02b7
02c2
02ce
02da
02e6
02f2
02fe
030a
0317
0323
0330
033d
034a
0357
0365
0372
0380
038e
039c
03aa
03b8
03c6
03d5
03e3
03f2
0401
0410
041f
042e
043e
044d
045d
046d
047d
048d
049d
04ad
04be
04cf
04df
04f0
0501
0512
0524
0535
0547
0558
056a
057c
058e
05a0
05b2
05c5
05d7
05ea
05fd
060f
0622
0635
0649
065c
066f
0683
0696
06aa
06be
06d1
06e5
06f9
070d
0722
0736
074a
075f
0773
0788
079c
07b1
07c6
07db
07ef
0804
0819
082e
0844
0859
086e
0883
0898
08ae
08c3
08d8
08ee
0903
0919
092e
0943
0959
096e
0984
0999
09af
09c4
09da
09ef
0a05
0a1a
0a2f
0a45
0a5a
0a6f
0a84
0a9a
0aaf
0ac4
0ad9
0aee
0b03
0b18
0b2c
0b41
0b56
0b6a
0b7f
0b93
0ba8
0bbc
0bd0
0be4
0bf8
0c0b
0c1f
0c33
0c46
0c59
0c6d
0c80
0c93
0ca5
0cb8
0cca
0cdd
0cef
0d01
0d13
0d24
0d36
0d47
0d58
0d69
0d7a
0d8b
0d9b
0dab
0dbb
0dcb
0ddb
0dea
0df9
0e08
0e17
0e25
0e34
0e42
0e50
0e5d
0e6b
0e78
0e85
0e91
0e9e
0eaa
0eb6
0ec1
0ecd
0ed8
0ee2
0eed
0ef7
0f01
0f0b
0f15
0f1e
0f27
0f2f
0f38
0f40
0f47
0f4f
0f56
0f5d
0f64
0f6a
0f70
0f76
0f7b
0f80
0f85
0f89
0f8e
0f92
0f95
0f98
0f9b
0f9e
0fa0
0fa2
0fa4
0fa5
0fa7
0fa7
0fa8
0fa8
0fa8
0fa7
0fa7
0fa5
0fa4
0fa2
0fa0
0f9e
0f9b
0f98
0f95
0f92
0f8e
0f89
0f85
0f80
0f7b
0f76
0f70
0f6a
0f64
0f5d
0f56
0f4f
0f47
0f40
0f38
0f2f
0f27
0f1e
0f15
0f0b
0f01
0ef7
0eed
0ee2
0ed8
0ecd
0ec1
0eb6
0eaa
0e9e
0e91
0e85
0e78
0e6b
0e5d
0e50
0e42
0e34
0e25
0e17
0e08
0df9
0dea
0ddb
0dcb
0dbb
0dab
0d9b
0d8b
0d7a
0d69
0d58
0d47
0d36
0d24
0d13
0d01
0cef
0cdd
0cca
0cb8
0ca5
0c93
0c80
0c6d
0c59
0c46
0c33
0c1f
0c0b
0bf8
0be4
0bd0
0bbc
0ba8
0b93
0b7f
0b6a
0b56
0b41
0b2c
0b18
0b03
0aee
0ad9
0ac4
0aaf
0a9a
0a84
0a6f
0a5a
0a45
0a2f
0a1a
0a05
09ef
09da
09c4
09af
0999
0984
096e
0959
0943
092e
0919
0903
08ee
08d8
08c3
08ae
0898
0883
086e
0859
0844
082e
0819
0804
07ef
07db
07c6
07b1
079c
0788
0773
075f
074a
0736
0722
070d
06f9
06e5
06d1
06be
06aa
0696
0683
066f
065c
0649
0635
0622
060f
05fd
05ea
05d7
05c5
05b2
05a0
058e
057c
056a
0558
0547
0535
0524
0512
0501
04f0
04df
04cf
04be
04ad
049d
048d
047d
046d
045d
044d
043e
042e
041f
0410
0401
03f2
03e3
03d5
03c6
03b8
03aa
039c
038e
0380
0372
0365
0357
034a
033d
0330
0323
0317
030a
02fe
02f2
02e6
02da
02ce
02c2
02b7
02ab
02a0
0295
028a
027f
0274
0269
025f
0255
024a
0240
0236
022d
0223
0219
0210
0206
01fd
01f4
01eb
01e2
01da
01d1
01c9
01c0
01b8
01b0
01a8
01a0
0198
0191
0189
0182
017a
0173
016c
0165
015e
0157
0151
014a
0144
013d
0137
0131
012b
0125
011f
0119
0114
010e
0109
0103
00fe
00f9
00f3
00ee
00e9
00e5
00e0
00db
00d6
00d2
00cd
00c9
00c5
00c1
00bc
00b8
00b4
00b0
00ad
00a9
00a5
00a1
009e
009a
0097
0093
0090
008d
008a
0087
0084
0080
007e
007b
0078
0075
0072
0070
006d
006a
0068
0066
0063
0061
005e
005c
005a
0058
0056
0054
0052
0050
004e
004c
004a
0048
0046
0045
0043
0041
0040
003e
003c
003b
0039
0038
0036
0035
0034
0032
0031
0030
002f
002d
002c
002b
002a
0029
0028
0027
0026
0025
0024
0023
0022
0021
0020
001f
001e
001d
001d
001c
001b
001a
001a
0019
0018
0018
0017
0016
0016
0015
0014
0014
0013
0013
0012
0012
0011
0011
0010
0010
000f
000f
000e
000e
000e
000d
000d
000c
000c
000c
000b
000b
000b
000a
000a
000a
0009
0009
0009
0009
0008
0008
0008
0008
0007
0007
0007
0007
0006
0006
0006
0006
0006
0006
0005
0005
0005
0005
0005
0005
0004
0004
0004
0004
0004
0004
0004
0003
0003
0003
0003
0003
0003
0003
0003
0003
0003
0002
0002
0002
0002
0002
0002
0002
0002
0002
0002
0002
0002
0002
0002
0002
0001
0001
0001
0001
0001
0001
0001
0001
0001
0001
0001
0001
0001
0001
0001
0001
0001
0001
0001
0001
0001
0001
0001
0001
0001
0001
0001
0001
0001
0001
0001
0000
0000
0000
0000
0000
0000
0000
0000
0000
0000
0000
0000
0000
0000
0000
0000
0000
0000
0000
0000
0000
0000
0000
0000
0000
0000
0000
0000
0000
0000
0000
0000
0000
0000
0000
0000
0000
0000
0000
0000
0000
0000
0000
0000
0000
0000
0000
0000
0000
0000
0000
0000
0000
0000
0000
0000
0000
0000
0000
0000
0000
0000
0000
0000
0000
0000
0000
0000
0000
0000
0000
0000
0000
0000
0000
0000
0000
0000
0000
0000
0000
0000
0000
0000
0000
0000
0000
0000
0000
0000
0000
0000
0000
0000
0000
0000
0000
0000
0000
0000
0000
0000
0000
0000
0000
0000
0000
0000
0000
0000
0000
0000
0000
0000
0000
0000
0000
0000
0000
0000
0000
0000
0000
0000
0000
0000
0000
0000
0000
0000
0000
0000
0000
0000
0000
0000
0000
0000
0000
0000
0000
0000
0000
0000
0000
0000
0000
0000
0000
0000
0000
0000
0000
0000
0000
0000
0000
0000
0000
0000
0000
0000
0000
0000
0000
0000
0000
0000
0000
0000
0000
0000
0000
0000
0000
0000
0000
0000
0000
0000
0000
0000
0000
0000
0000
0000
0000
0000
0000
0000
0000
0000
0000
0000
0000
0000
0000
0000
0000
0000
0000
0000
0000
0000
0000
0000
0000
0000
0000
0000
0000
0000
0000
0000
0000
0000
0000
0000
0000
0000
0000
0000
0000
0000
0000
0000
0000
0000
0000
0000
0000
0000
0000
0000
0000
0000
0000
0000
0000
0000
0000
0000
0000
0000
0000
0000
0000
0000
0000
0000
0000
0000
0000
0000
0000
0000
0000
0000
0000
0000
0000
0000
0000
0000
0000
0000
0000
0000
0000
0000
0000
0000
0000
0000
0000
0000
0000
0000
0000
0000
0000
0000
0000
0000
0000
0000
0000
0000
0000
0000
0000
0000
0000
0000
0000
0000
0000
0000
0000
0000
0000
0000
0000
0000
0000
0000
0000
0000
0000
0000
0000
0000
0000
0000
0000
0000
0000
0000
0000
0000
0000
0000
0000
0000
0000
0000
0000
0000
0000
0000
0000
0000
0000
0000
0000
0000
0000
0000
0000
0000
0000
0000
0000
0000
0000
0000
0000
0000
0000
0000
0000
0000
0000
0000
0000
0000
0000
0000
0000
0000
0000
0000
0000
0000
0000
0000
0000
0000
0000
0000
0000
0000
0000
0000
0000
0000
0000
0000
0000
0000
0000
0000
0000
0000
0000
0000
0000
0000
0000
0000
0000
0000
0000
0000
0000
0000
0000
0000
0000
0000
0000
0000
0000
0000
0000
0000
0000
0000
0000
0000
0000
0000
0000
0000
0000
0000
0000
0000
0000
0000
0000
0000
0000
0000
0000
0000
0000
0000
0000
0000
0000
0000
0000
0000
0000
0000
0000
0000
0000
0000
0000
0000
0000
0000
0000
0000
0000
0000
0000
0000
0000
0000
0000
0000
0000
0000
0000
0000
0000
0000
0000
0000
0000
0000
0000
0000
0000
0000
0000
0000
0000
0000
0000
0000
0000
0000
0000
0000
0000
0000
0000
0000
0000
0000
0000
0000
0000
0000
0000
0000
0000
0000
0000
0000
0000
0000
0000
0000
0000
0000
0000
0000
0000
0000
0000
0000
0000
0000
0000
0000
0000
0000
0000
0000
0000
0000
0000
0000
0000
0000
0000
0000
0000
0000
0000
0000
0000
0000
0000
0000
0000
0000
0000
0000
0000
0000
0000
0000
0000
0000
0000
0000
0000
0000
0000
0000
0000
0000
0000
0000
0000
0000
0000
0000
0000
0000
0000
0000
0000
0000
0000
0000
0000
0000
0000
0000
0000
0000
0000
0000
0000
0000
0000
0000
0000
0000
0000
0000
0000
0000
0000
0000
0000
0000
0000
0000
0000
0000
0000
0000
0000
0000
0000
0000
0000
0000
0000
0000
0000
0000
0000
0000
0000
0000
0000
0000
0000
0000
0000
0000
0000
0000
0000
0000
0000
0000
0000
0000
0000
0000
