000
000
000
000
000
000
000
000
000
000
000
000
000
000
000
000
000
000
000
000
000
000
000
000
000
000
000
000
000
000
000
000
000
000
000
000
000
000
000
000
000
000
000
000
000
000
000
000
000
000
000
000
000
000
000
000
000
000
000
000
000
000
000
000
000
000
000
000
000
000
000
000
000
000
000
000
000
000
000
000
000
000
000
000
000
000
000
000
000
000
000
000
000
000
000
000
000
000
000
000
000
000
000
000
000
000
000
000
000
000
000
000
000
000
000
000
000
000
000
000
000
000
000
000
000
000
000
000
000
000
000
000
000
000
000
000
000
000
000
000
000
000
000
000
000
000
000
000
000
000
000
000
000
000
000
000
000
000
000
000
000
000
000
000
000
000
000
000
000
000
000
000
000
000
000
000
000
000
000
000
000
000
000
000
000
000
000
000
000
000
000
000
000
000
000
000
000
000
000
000
000
000
000
000
000
000
000
000
000
000
000
000
000
000
000
000
000
000
000
000
000
000
000
000
000
000
000
000
000
000
000
000
000
000
000
000
000
000
000
000
000
000
000
000
000
000
000
000
000
000
000
000
000
000
000
000
000
000
000
000
000
000
000
000
000
000
000
000
000
000
000
000
000
000
000
000
000
000
000
000
000
000
000
000
000
000
000
000
000
000
000
000
000
000
000
000
000
000
000
000
000
000
000
000
000
000
000
000
000
000
000
000
000
000
000
000
000
000
000
000
000
000
000
000
000
000
000
000
000
000
000
000
000
000
000
000
000
000
000
000
000
000
000
000
000
000
000
000
000
000
000
000
000
000
000
000
000
000
000
000
000
000
000
000
000
000
000
000
000
000
000
000
000
000
000
000
000
000
000
000
000
000
000
000
000
000
000
000
000
000
000
000
000
000
000
000
000
000
000
000
000
000
000
000
000
000
000
000
000
000
000
000
000
000
000
000
000
000
000
000
000
000
000
000
000
000
000
000
000
000
000
000
000
000
000
000
000
000
000
000
000
000
000
000
000
000
000
000
000
000
000
000
000
000
000
000
000
000
000
000
000
000
000
000
000
000
000
000
000
000
000
000
000
000
000
000
000
000
000
000
000
000
000
000
000
000
000
000
000
000
000
000
000
000
000
000
000
000
000
000
000
000
000
000
000
000
000
000
000
000
000
000
000
000
000
000
000
000
000
000
000
000
000
000
000
000
000
000
000
000
000
000
000
000
000
000
000
000
000
000
000
000
000
000
000
000
000
000
000
000
000
000
000
000
000
000
000
000
000
000
000
000
000
000
000
000
000
000
000
000
000
000
000
000
000
000
000
000
000
000
000
000
000
000
000
000
000
000
000
000
000
000
000
000
000
000
000
000
000
000
000
000
000
000
000
000
000
000
001
001
001
001
001
001
001
001
001
001
001
001
001
001
001
001
001
001
001
001
001
001
001
001
001
001
001
001
001
001
001
002
002
002
002
002
002
002
002
002
002
002
002
002
002
002
002
003
003
003
003
003
003
003
003
003
003
004
004
004
004
004
004
004
004
005
005
005
005
005
005
006
006
006
006
006
006
007
007
007
007
008
008
008
008
009
009
009
009
00a
00a
00a
00a
00b
00b
00b
00c
00c
00d
00d
00d
00e
00e
00e
00f
00f
010
010
011
011
012
012
013
013
014
014
015
015
016
017
017
018
019
019
01a
01b
01b
01c
01d
01e
01f
01f
020
021
022
023
024
025
026
027
028
029
02a
02b
02c
02d
02f
030
031
032
034
035
036
038
039
03a
03c
03d
03f
041
042
044
045
047
049
04b
04d
04e
050
052
054
056
058
05a
05d
05f
061
063
066
068
06a
06d
070
072
075
077
07a
07d
080
083
086
089
08c
08f
092
095
099
09c
09f
0a3
0a6
0aa
0ae
0b2
0b5
0b9
0bd
0c1
0c5
0ca
0ce
0d2
0d7
0db
0e0
0e4
0e9
0ee
0f3
0f8
0fd
102
107
10c
112
117
11d
122
128
12e
134
13a
140
146
14d
153
159
160
167
16e
174
17b
183
18a
191
198
1a0
1a8
1af
1b7
1bf
1c7
1cf
1d8
1e0
1e9
1f1
1fa
203
20c
215
21e
227
231
23a
244
24e
258
262
26c
276
281
28b
296
2a1
2ac
2b7
2c2
2cd
2d9
2e4
2f0
2fc
308
314
320
32c
339
345
352
35f
36c
379
386
393
3a1
3ae
3bc
3ca
3d8
3e6
3f4
403
411
420
42f
43d
44c
45c
46b
47a
48a
499
4a9
4b9
4c9
4d9
4e9
4fa
50a
51b
52b
53c
54d
55e
56f
580
592
5a3
5b5
5c6
5d8
5ea
5fc
60e
620
633
645
657
66a
67d
68f
6a2
6b5
6c8
6db
6ee
701
715
728
73b
74f
762
776
78a
79d
7b1
7c5
7d9
7ed
801
815
829
83d
851
865
87a
88e
8a2
8b7
8cb
8df
8f3
908
91c
931
945
959
96e
982
996
9ab
9bf
9d3
9e8
9fc
a10
a24
a38
a4d
a61
a75
a89
a9d
ab0
ac4
ad8
aec
aff
b13
b26
b3a
b4d
b60
b73
b86
b99
bac
bbf
bd2
be4
bf7
c09
c1b
c2d
c3f
c51
c62
c74
c85
c97
ca8
cb9
cc9
cda
ceb
cfb
d0b
d1b
d2b
d3a
d4a
d59
d68
d77
d86
d94
da3
db1
dbf
dcc
dda
de7
df4
e01
e0e
e1a
e26
e32
e3e
e49
e55
e60
e6a
e75
e7f
e89
e93
e9d
ea6
eaf
eb8
ec0
ec8
ed0
ed8
ee0
ee7
eee
ef4
efb
f01
f07
f0c
f11
f16
f1b
f20
f24
f28
f2b
f2f
f32
f34
f37
f39
f3b
f3c
f3e
f3f
f3f
f40
f40
f40
f3f
f3f
f3e
f3c
f3b
f39
f37
f34
f32
f2f
f2b
f28
f24
f20
f1b
f16
f11
f0c
f07
f01
efb
ef4
eee
ee7
ee0
ed8
ed0
ec8
ec0
eb8
eaf
ea6
e9d
e93
e89
e7f
e75
e6a
e60
e55
e49
e3e
e32
e26
e1a
e0e
e01
df4
de7
dda
dcc
dbf
db1
da3
d94
d86
d77
d68
d59
d4a
d3a
d2b
d1b
d0b
cfb
ceb
cda
cc9
cb9
ca8
c97
c85
c74
c62
c51
c3f
c2d
c1b
c09
bf7
be4
bd2
bbf
bac
b99
b86
b73
b60
b4d
b3a
b26
b13
aff
aec
ad8
ac4
ab0
a9d
a89
a75
a61
a4d
a38
a24
a10
9fc
9e8
9d3
9bf
9ab
996
982
96e
959
945
931
91c
908
8f3
8df
8cb
8b7
8a2
88e
87a
865
851
83d
829
815
801
7ed
7d9
7c5
7b1
79d
78a
776
762
74f
73b
728
715
701
6ee
6db
6c8
6b5
6a2
68f
67d
66a
657
645
633
620
60e
5fc
5ea
5d8
5c6
5b5
5a3
592
580
56f
55e
54d
53c
52b
51b
50a
4fa
4e9
4d9
4c9
4b9
4a9
499
48a
47a
46b
45c
44c
43d
42f
420
411
403
3f4
3e6
3d8
3ca
3bc
3ae
3a1
393
386
379
36c
35f
352
345
339
32c
320
314
308
2fc
2f0
2e4
2d9
2cd
2c2
2b7
2ac
2a1
296
28b
281
276
26c
262
258
24e
244
23a
231
227
21e
215
20c
203
1fa
1f1
1e9
1e0
1d8
1cf
1c7
1bf
1b7
1af
1a8
1a0
198
191
18a
183
17b
174
16e
167
160
159
153
14d
146
140
13a
134
12e
128
122
11d
117
112
10c
107
102
0fd
0f8
0f3
0ee
0e9
0e4
0e0
0db
0d7
0d2
0ce
0ca
0c5
0c1
0bd
0b9
0b5
0b2
0ae
0aa
0a6
0a3
09f
09c
099
095
092
08f
08c
089
086
083
080
07d
07a
077
075
072
070
06d
06a
068
066
063
061
05f
05d
05a
058
056
054
052
050
04e
04d
04b
049
047
045
044
042
041
03f
03d
03c
03a
039
038
036
035
034
032
031
030
02f
02d
02c
02b
02a
029
028
027
026
025
024
023
022
021
020
01f
01f
01e
01d
01c
01b
01b
01a
019
019
018
017
017
016
015
015
014
014
013
013
012
012
011
011
010
010
00f
00f
00e
00e
00e
00d
00d
00d
00c
00c
00b
00b
00b
00a
00a
00a
00a
009
009
009
009
008
008
008
008
007
007
007
007
006
006
006
006
006
006
005
005
005
005
005
005
004
004
004
004
004
004
004
004
003
003
003
003
003
003
003
003
003
003
002
002
002
002
002
002
002
002
002
002
002
002
002
002
002
002
001
001
001
001
001
001
001
001
001
001
001
001
001
001
001
001
001
001
001
001
001
001
001
001
001
001
001
001
001
001
001
000
000
000
000
000
000
000
000
000
000
000
000
000
000
000
000
000
000
000
000
000
000
000
000
000
000
000
000
000
000
000
000
000
000
000
000
000
000
000
000
000
000
000
000
000
000
000
000
000
000
000
000
000
000
000
000
000
000
000
000
000
000
000
000
000
000
000
000
000
000
000
000
000
000
000
000
000
000
000
000
000
000
000
000
000
000
000
000
000
000
000
000
000
000
000
000
000
000
000
000
000
000
000
000
000
000
000
000
000
000
000
000
000
000
000
000
000
000
000
000
000
000
000
000
000
000
000
000
000
000
000
000
000
000
000
000
000
000
000
000
000
000
000
000
000
000
000
000
000
000
000
000
000
000
000
000
000
000
000
000
000
000
000
000
000
000
000
000
000
000
000
000
000
000
000
000
000
000
000
000
000
000
000
000
000
000
000
000
000
000
000
000
000
000
000
000
000
000
000
000
000
000
000
000
000
000
000
000
000
000
000
000
000
000
000
000
000
000
000
000
000
000
000
000
000
000
000
000
000
000
000
000
000
000
000
000
000
000
000
000
000
000
000
000
000
000
000
000
000
000
000
000
000
000
000
000
000
000
000
000
000
000
000
000
000
000
000
000
000
000
000
000
000
000
000
000
000
000
000
000
000
000
000
000
000
000
000
000
000
000
000
000
000
000
000
000
000
000
000
000
000
000
000
000
000
000
000
000
000
000
000
000
000
000
000
000
000
000
000
000
000
000
000
000
000
000
000
000
000
000
000
000
000
000
000
000
000
000
000
000
000
000
000
000
000
000
000
000
000
000
000
000
000
000
000
000
000
000
000
000
000
000
000
000
000
000
000
000
000
000
000
000
000
000
000
000
000
000
000
000
000
000
000
000
000
000
000
000
000
000
000
000
000
000
000
000
000
000
000
000
000
000
000
000
000
000
000
000
000
000
000
000
000
000
000
000
000
000
000
000
000
000
000
000
000
000
000
000
000
000
000
000
000
000
000
000
000
000
000
000
000
000
000
000
000
000
000
000
000
000
000
000
000
000
000
000
000
000
000
000
000
000
000
000
000
000
000
000
000
000
000
000
000
000
000
000
000
000
000
000
000
000
000
000
000
000
000
000
000
000
000
000
000
000
000
000
000
000
000
000
000
000
000
000
000
000
000
000
000
000
000
000
000
000
000
000
000
000
000
000
000
000
000
000
000
000
000
000
000
000
000
000
000
000
000
000
000
000
000
000
000
000
000
000
000
000
000
000
000
000
000
000
000
000
000
000
000
000
000
000
000
000
000
000
000
000
000
000
000
000
000
000
000
000
000
000
000
000
000
000
000
000
000
000
000
000
000
000
000
000
000
000
000
000
000
000
000
000
000
000
000
000
000
000
000
000
000
000
