0000
0000
0000
0000
0000
0000
0000
0000
0000
0000
0000
0000
0000
0000
0000
0000
0000
0000
0000
0000
0000
0000
0000
0000
0000
0000
0000
0000
0000
0000
0000
0000
0000
0000
0000
0000
0000
0000
0000
0000
0000
0000
0000
0000
0000
0000
0000
0000
0000
0000
0000
0000
0000
0000
0000
0000
0000
0000
0000
0000
0000
0000
0000
0000
0000
0000
0000
0000
0000
0000
0000
0000
0000
0000
0000
0000
0000
0000
0000
0000
0000
0000
0000
0000
0000
0000
0000
0000
0000
0000
0000
0000
0000
0000
0000
0000
0000
0000
0000
0000
0000
0000
0000
0000
0000
0000
0000
0000
0000
0000
0000
0000
0000
0000
0000
0000
0000
0000
0000
0000
0000
0000
0000
0000
0000
0000
0000
0000
0000
0000
0000
0000
0000
0000
0000
0000
0000
0000
0000
0000
0000
0000
0000
0000
0000
0000
0000
0000
0000
0000
0000
0000
0000
0000
0000
0000
0000
0000
0000
0000
0000
0000
0000
0000
0000
0000
0000
0000
0000
0000
0000
0000
0000
0000
0000
0000
0000
0000
0000
0000
0000
0000
0000
0000
0000
0000
0000
0000
0000
0000
0000
0000
0000
0000
0000
0000
0000
0000
0000
0000
0000
0000
0000
0000
0000
0000
0000
0000
0000
0000
0000
0000
0000
0000
0000
0000
0000
0000
0000
0000
0000
0000
0000
0000
0000
0000
0000
0000
0000
0000
0000
0000
0000
0000
0000
0000
0000
0000
0000
0000
0000
0000
0000
0000
0000
0000
0000
0000
0000
0000
0000
0000
0000
0000
0000
0000
0000
0000
0000
0000
0000
0000
0000
0000
0000
0000
0000
0000
0000
0000
0000
0000
0000
0000
0000
0000
0000
0000
0000
0000
0000
0000
0000
0000
0000
0000
0000
0000
0000
0000
0000
0000
0000
0000
0000
0000
0000
0000
0000
0000
0000
0000
0000
0000
0000
0000
0000
0000
0000
0000
0000
0000
0000
0000
0000
0000
0000
0000
0000
0000
0000
0000
0000
0000
0000
0000
0000
0000
0000
0000
0000
0000
0000
0000
0000
0000
0000
0000
0000
0000
0000
0000
0000
0000
0000
0000
0000
0000
0000
0000
0000
0000
0000
0000
0000
0000
0000
0000
0000
0000
0000
0000
0000
0000
0000
0000
0000
0000
0000
0000
0000
0000
0000
0000
0000
0000
0000
0000
0000
0000
0000
0000
0000
0000
0000
0000
0000
0000
0000
0000
0000
0000
0000
0000
0000
0000
0000
0000
0000
0000
0000
0000
0000
0000
0000
0000
0000
0000
0000
0000
0000
0000
0000
0000
0000
0000
0000
0000
0000
0000
0000
0000
0000
0000
0000
0000
0000
0000
0000
0000
0000
0000
0000
0000
0000
0000
0000
0000
0000
0000
0000
0000
0000
0000
0000
0000
0001
0001
0001
0001
0001
0001
0001
0001
0001
0001
0001
0001
0001
0001
0001
0001
0001
0001
0001
0001
0001
0001
0001
0001
0001
0001
0001
0001
0001
0001
0001
0001
0001
0001
0001
0001
0001
0001
0001
0001
0001
0001
0002
0002
0002
0002
0002
0002
0002
0002
0002
0002
0002
0002
0002
0002
0002
0002
0002
0002
0002
0002
0003
0003
0003
0003
0003
0003
0003
0003
0003
0003
0003
0003
0003
0004
0004
0004
0004
0004
0004
0004
0004
0004
0004
0004
0005
0005
0005
0005
0005
0005
0005
0005
0006
0006
0006
0006
0006
0006
0006
0007
0007
0007
0007
0007
0007
0007
0008
0008
0008
0008
0008
0009
0009
0009
0009
0009
000a
000a
000a
000a
000b
000b
000b
000b
000b
000c
000c
000c
000d
000d
000d
000d
000e
000e
000e
000f
000f
000f
0010
0010
0010
0011
0011
0011
0012
0012
0013
0013
0013
0014
0014
0015
0015
0015
0016
0016
0017
0017
0018
0018
0019
0019
001a
001a
001b
001c
001c
001d
001d
001e
001e
001f
0020
0020
0021
0022
0022
0023
0024
0025
0025
0026
0027
0028
0028
0029
002a
002b
002c
002c
002d
002e
002f
0030
0031
0032
0033
0034
0035
0036
0037
0038
0039
003a
003b
003c
003d
003f
0040
0041
0042
0043
0045
0046
0047
0049
004a
004b
004d
004e
0050
0051
0053
0054
0056
0057
0059
005a
005c
005e
005f
0061
0063
0064
0066
0068
006a
006c
006e
0070
0071
0073
0075
0077
007a
007c
007e
0080
0082
0084
0087
0089
008b
008e
0090
0092
0095
0097
009a
009c
009f
00a2
00a4
00a7
00aa
00ad
00af
00b2
00b5
00b8
00bb
00be
00c1
00c4
00c7
00cb
00ce
00d1
00d4
00d8
00db
00df
00e2
00e6
00e9
00ed
00f1
00f4
00f8
00fc
0100
0104
0108
010c
0110
0114
0118
011c
0120
0125
0129
012e
0132
0137
013b
0140
0144
0149
014e
0153
0158
015d
0162
0167
016c
0171
0176
017c
0181
0186
018c
0192
0197
019d
01a3
01a8
01ae
01b4
01ba
01c0
01c6
01cc
01d3
01d9
01df
01e6
01ec
01f3
01f9
0200
0207
020e
0215
021c
0223
022a
0231
0238
0240
0247
024e
0256
025d
0265
026d
0275
027d
0285
028d
0295
029d
02a5
02ad
02b6
02be
02c7
02cf
02d8
02e1
02ea
02f2
02fb
0305
030e
0317
0320
0329
0333
033c
0346
0350
0359
0363
036d
0377
0381
038b
0395
039f
03aa
03b4
03bf
03c9
03d4
03de
03e9
03f4
03ff
040a
0415
0420
042b
0437
0442
044e
0459
0465
0470
047c
0488
0494
04a0
04ac
04b8
04c4
04d0
04dc
04e9
04f5
0502
050e
051b
0528
0534
0541
054e
055b
0568
0575
0583
0590
059d
05aa
05b8
05c5
05d3
05e1
05ee
05fc
060a
0618
0626
0634
0642
0650
065e
066c
067a
0689
0697
06a5
06b4
06c2
06d1
06df
06ee
06fd
070c
071a
0729
0738
0747
0756
0765
0774
0783
0792
07a1
07b1
07c0
07cf
07de
07ee
07fd
080c
081c
082b
083b
084a
085a
0869
0879
0889
0898
08a8
08b7
08c7
08d7
08e6
08f6
0906
0916
0925
0935
0945
0954
0964
0974
0984
0994
09a3
09b3
09c3
09d2
09e2
09f2
0a02
0a11
0a21
0a31
0a40
0a50
0a60
0a6f
0a7f
0a8e
0a9e
0aad
0abd
0acc
0adc
0aeb
0afb
0b0a
0b19
0b28
0b38
0b47
0b56
0b65
0b74
0b83
0b92
0ba1
0bb0
0bbf
0bcd
0bdc
0beb
0bf9
0c08
0c16
0c25
0c33
0c41
0c4f
0c5e
0c6c
0c7a
0c88
0c95
0ca3
0cb1
0cbe
0ccc
0cd9
0ce7
0cf4
0d01
0d0e
0d1b
0d28
0d35
0d42
0d4e
0d5b
0d67
0d74
0d80
0d8c
0d98
0da4
0db0
0dbc
0dc7
0dd3
0dde
0de9
0df5
0e00
0e0b
0e15
0e20
0e2b
0e35
0e3f
0e4a
0e54
0e5e
0e67
0e71
0e7b
0e84
0e8d
0e97
0ea0
0ea9
0eb1
0eba
0ec2
0ecb
0ed3
0edb
0ee3
0eeb
0ef2
0efa
0f01
0f08
0f0f
0f16
0f1d
0f24
0f2a
0f30
0f36
0f3c
0f42
0f48
0f4d
0f53
0f58
0f5d
0f62
0f67
0f6b
0f70
0f74
0f78
0f7c
0f7f
0f83
0f86
0f8a
0f8d
0f90
0f93
0f95
0f98
0f9a
0f9c
0f9e
0fa0
0fa1
0fa3
0fa4
0fa5
0fa6
0fa7
0fa7
0fa8
0fa8
0fa8
0fa8
0fa8
0fa7
0fa7
0fa6
0fa5
0fa4
0fa3
0fa1
0fa0
0f9e
0f9c
0f9a
0f98
0f95
0f93
0f90
0f8d
0f8a
0f86
0f83
0f7f
0f7c
0f78
0f74
0f70
0f6b
0f67
0f62
0f5d
0f58
0f53
0f4d
0f48
0f42
0f3c
0f36
0f30
0f2a
0f24
0f1d
0f16
0f0f
0f08
0f01
0efa
0ef2
0eeb
0ee3
0edb
0ed3
0ecb
0ec2
0eba
0eb1
0ea9
0ea0
0e97
0e8d
0e84
0e7b
0e71
0e67
0e5e
0e54
0e4a
0e3f
0e35
0e2b
0e20
0e15
0e0b
0e00
0df5
0de9
0dde
0dd3
0dc7
0dbc
0db0
0da4
0d98
0d8c
0d80
0d74
0d67
0d5b
0d4e
0d42
0d35
0d28
0d1b
0d0e
0d01
0cf4
0ce7
0cd9
0ccc
0cbe
0cb1
0ca3
0c95
0c88
0c7a
0c6c
0c5e
0c4f
0c41
0c33
0c25
0c16
0c08
0bf9
0beb
0bdc
0bcd
0bbf
0bb0
0ba1
0b92
0b83
0b74
0b65
0b56
0b47
0b38
0b28
0b19
0b0a
0afb
0aeb
0adc
0acc
0abd
0aad
0a9e
0a8e
0a7f
0a6f
0a60
0a50
0a40
0a31
0a21
0a11
0a02
09f2
09e2
09d2
09c3
09b3
09a3
0994
0984
0974
0964
0954
0945
0935
0925
0916
0906
08f6
08e6
08d7
08c7
08b7
08a8
0898
0889
0879
0869
085a
084a
083b
082b
081c
080c
07fd
07ee
07de
07cf
07c0
07b1
07a1
0792
0783
0774
0765
0756
0747
0738
0729
071a
070c
06fd
06ee
06df
06d1
06c2
06b4
06a5
0697
0689
067a
066c
065e
0650
0642
0634
0626
0618
060a
05fc
05ee
05e1
05d3
05c5
05b8
05aa
059d
0590
0583
0575
0568
055b
054e
0541
0534
0528
051b
050e
0502
04f5
04e9
04dc
04d0
04c4
04b8
04ac
04a0
0494
0488
047c
0470
0465
0459
044e
0442
0437
042b
0420
0415
040a
03ff
03f4
03e9
03de
03d4
03c9
03bf
03b4
03aa
039f
0395
038b
0381
0377
036d
0363
0359
0350
0346
033c
0333
0329
0320
0317
030e
0305
02fb
02f2
02ea
02e1
02d8
02cf
02c7
02be
02b6
02ad
02a5
029d
0295
028d
0285
027d
0275
026d
0265
025d
0256
024e
0247
0240
0238
0231
022a
0223
021c
0215
020e
0207
0200
01f9
01f3
01ec
01e6
01df
01d9
01d3
01cc
01c6
01c0
01ba
01b4
01ae
01a8
01a3
019d
0197
0192
018c
0186
0181
017c
0176
0171
016c
0167
0162
015d
0158
0153
014e
0149
0144
0140
013b
0137
0132
012e
0129
0125
0120
011c
0118
0114
0110
010c
0108
0104
0100
00fc
00f8
00f4
00f1
00ed
00e9
00e6
00e2
00df
00db
00d8
00d4
00d1
00ce
00cb
00c7
00c4
00c1
00be
00bb
00b8
00b5
00b2
00af
00ad
00aa
00a7
00a4
00a2
009f
009c
009a
0097
0095
0092
0090
008e
008b
0089
0087
0084
0082
0080
007e
007c
007a
0077
0075
0073
0071
0070
006e
006c
006a
0068
0066
0064
0063
0061
005f
005e
005c
005a
0059
0057
0056
0054
0053
0051
0050
004e
004d
004b
004a
0049
0047
0046
0045
0043
0042
0041
0040
003f
003d
003c
003b
003a
0039
0038
0037
0036
0035
0034
0033
0032
0031
0030
002f
002e
002d
002c
002c
002b
002a
0029
0028
0028
0027
0026
0025
0025
0024
0023
0022
0022
0021
0020
0020
001f
001e
001e
001d
001d
001c
001c
001b
001a
001a
0019
0019
0018
0018
0017
0017
0016
0016
0015
0015
0015
0014
0014
0013
0013
0013
0012
0012
0011
0011
0011
0010
0010
0010
000f
000f
000f
000e
000e
000e
000d
000d
000d
000d
000c
000c
000c
000b
000b
000b
000b
000b
000a
000a
000a
000a
0009
0009
0009
0009
0009
0008
0008
0008
0008
0008
0007
0007
0007
0007
0007
0007
0007
0006
0006
0006
0006
0006
0006
0006
0005
0005
0005
0005
0005
0005
0005
0005
0004
0004
0004
0004
0004
0004
0004
0004
0004
0004
0004
0003
0003
0003
0003
0003
0003
0003
0003
0003
0003
0003
0003
0003
0002
0002
0002
0002
0002
0002
0002
0002
0002
0002
0002
0002
0002
0002
0002
0002
0002
0002
0002
0002
0001
0001
0001
0001
0001
0001
0001
0001
0001
0001
0001
0001
0001
0001
0001
0001
0001
0001
0001
0001
0001
0001
0001
0001
0001
0001
0001
0001
0001
0001
0001
0001
0001
0001
0001
0001
0001
0001
0001
0001
0001
0001
0000
0000
0000
0000
0000
0000
0000
0000
0000
0000
0000
0000
0000
0000
0000
0000
0000
0000
0000
0000
0000
0000
0000
0000
0000
0000
0000
0000
0000
0000
0000
0000
0000
0000
0000
0000
0000
0000
0000
0000
0000
0000
0000
0000
0000
0000
0000
0000
0000
0000
0000
0000
0000
0000
0000
0000
0000
0000
0000
0000
0000
0000
0000
0000
0000
0000
0000
0000
0000
0000
0000
0000
0000
0000
0000
0000
0000
0000
0000
0000
0000
0000
0000
0000
0000
0000
0000
0000
0000
0000
0000
0000
0000
0000
0000
0000
0000
0000
0000
0000
0000
0000
0000
0000
0000
0000
0000
0000
0000
0000
0000
0000
0000
0000
0000
0000
0000
0000
0000
0000
0000
0000
0000
0000
0000
0000
0000
0000
0000
0000
0000
0000
0000
0000
0000
0000
0000
0000
0000
0000
0000
0000
0000
0000
0000
0000
0000
0000
0000
0000
0000
0000
0000
0000
0000
0000
0000
0000
0000
0000
0000
0000
0000
0000
0000
0000
0000
0000
0000
0000
0000
0000
0000
0000
0000
0000
0000
0000
0000
0000
0000
0000
0000
0000
0000
0000
0000
0000
0000
0000
0000
0000
0000
0000
0000
0000
0000
0000
0000
0000
0000
0000
0000
0000
0000
0000
0000
0000
0000
0000
0000
0000
0000
0000
0000
0000
0000
0000
0000
0000
0000
0000
0000
0000
0000
0000
0000
0000
0000
0000
0000
0000
0000
0000
0000
0000
0000
0000
0000
0000
0000
0000
0000
0000
0000
0000
0000
0000
0000
0000
0000
0000
0000
0000
0000
0000
0000
0000
0000
0000
0000
0000
0000
0000
0000
0000
0000
0000
0000
0000
0000
0000
0000
0000
0000
0000
0000
0000
0000
0000
0000
0000
0000
0000
0000
0000
0000
0000
0000
0000
0000
0000
0000
0000
0000
0000
0000
0000
0000
0000
0000
0000
0000
0000
0000
0000
0000
0000
0000
0000
0000
0000
0000
0000
0000
0000
0000
0000
0000
0000
0000
0000
0000
0000
0000
0000
0000
0000
0000
0000
0000
0000
0000
0000
0000
0000
0000
0000
0000
0000
0000
0000
0000
0000
0000
0000
0000
0000
0000
0000
0000
0000
0000
0000
0000
0000
0000
0000
0000
0000
0000
0000
0000
0000
0000
0000
0000
0000
0000
0000
0000
0000
0000
0000
0000
0000
0000
0000
0000
0000
0000
0000
0000
0000
0000
0000
0000
0000
0000
0000
0000
0000
0000
0000
0000
0000
0000
0000
0000
0000
0000
0000
0000
0000
0000
0000
0000
0000
0000
0000
0000
0000
0000
0000
0000
0000
0000
0000
0000
0000
0000
0000
0000
0000
0000
0000
0000
0000
0000
0000
0000
0000
0000
0000
0000
0000
0000
0000
0000
0000
0000
0000
0000
0000
0000
0000
