000
000
000
000
000
000
000
000
000
000
000
000
000
000
000
000
000
000
000
000
000
000
000
000
000
000
000
000
000
000
000
000
000
000
000
000
000
000
000
000
000
000
000
000
000
000
000
000
000
000
000
000
000
000
000
000
000
000
000
000
000
000
000
000
000
000
000
000
000
000
000
000
000
000
000
000
000
000
000
000
000
000
000
000
000
000
000
000
000
000
000
000
000
000
000
000
000
000
000
000
000
000
000
000
000
000
000
000
000
000
000
000
000
000
000
000
000
000
000
000
000
000
000
000
000
000
000
000
000
000
000
000
000
000
000
000
000
000
000
000
000
000
000
000
000
000
000
000
000
000
000
000
000
000
000
000
000
000
000
000
000
000
000
000
000
000
000
000
000
000
000
000
000
000
000
000
000
000
000
000
000
000
000
000
000
000
000
000
000
000
000
000
000
000
000
000
000
000
000
000
000
000
000
000
000
000
000
000
000
000
000
000
000
000
000
000
000
000
000
000
000
000
000
000
000
000
000
000
000
000
000
000
000
000
000
000
000
000
000
000
000
000
000
000
000
000
000
000
000
000
000
000
000
000
000
000
000
000
000
000
000
000
000
000
000
000
000
000
000
000
000
000
000
000
000
000
000
000
000
000
000
000
000
000
000
000
000
000
000
000
000
000
000
000
000
000
000
000
000
000
000
000
000
000
000
000
000
000
000
000
000
000
000
000
000
000
000
000
000
000
000
000
000
000
000
000
000
000
000
000
000
000
000
000
000
000
000
000
000
000
000
000
000
000
000
000
000
000
000
000
000
000
000
000
000
000
000
000
000
000
000
000
000
000
000
000
000
000
000
000
000
000
000
000
000
000
000
000
000
000
000
000
000
000
000
000
000
000
000
000
000
000
000
000
000
000
000
000
000
000
000
000
000
000
000
000
000
000
000
000
000
000
000
000
000
000
000
000
000
000
000
000
000
000
000
000
000
000
000
000
000
000
000
000
000
000
000
000
000
000
000
000
000
000
000
000
000
000
000
000
000
000
000
000
000
000
000
000
000
000
000
000
000
000
000
000
000
000
000
000
000
000
000
000
000
000
000
000
000
000
000
000
000
000
000
000
000
000
000
000
000
000
000
000
000
000
000
000
000
000
000
000
001
001
001
001
001
001
001
001
001
001
001
001
001
001
001
001
001
001
001
001
001
001
001
001
001
001
001
001
001
001
001
001
001
001
001
001
001
001
002
002
002
002
002
002
002
002
002
002
002
002
002
002
002
002
002
002
003
003
003
003
003
003
003
003
003
003
003
003
003
004
004
004
004
004
004
004
004
004
005
005
005
005
005
005
005
005
006
006
006
006
006
006
006
007
007
007
007
007
008
008
008
008
008
009
009
009
009
009
00a
00a
00a
00a
00b
00b
00b
00b
00c
00c
00c
00d
00d
00d
00e
00e
00e
00f
00f
00f
010
010
010
011
011
012
012
012
013
013
014
014
015
015
016
016
017
017
018
018
019
019
01a
01a
01b
01c
01c
01d
01e
01e
01f
020
020
021
022
022
023
024
025
026
026
027
028
029
02a
02b
02c
02d
02d
02e
02f
030
031
033
034
035
036
037
038
039
03a
03c
03d
03e
03f
041
042
043
045
046
048
049
04a
04c
04d
04f
051
052
054
055
057
059
05b
05c
05e
060
062
064
066
068
06a
06c
06e
070
072
074
076
078
07b
07d
07f
082
084
087
089
08c
08e
091
093
096
099
09c
09e
0a1
0a4
0a7
0aa
0ad
0b0
0b3
0b7
0ba
0bd
0c0
0c4
0c7
0cb
0ce
0d2
0d5
0d9
0dd
0e0
0e4
0e8
0ec
0f0
0f4
0f8
0fc
101
105
109
10d
112
116
11b
120
124
129
12e
133
138
13d
142
147
14c
151
156
15c
161
167
16c
172
178
17e
183
189
18f
195
19b
1a2
1a8
1ae
1b5
1bb
1c2
1c8
1cf
1d6
1dd
1e4
1eb
1f2
1f9
200
208
20f
217
21e
226
22e
235
23d
245
24d
256
25e
266
26e
277
280
288
291
29a
2a3
2ac
2b5
2be
2c7
2d0
2da
2e3
2ed
2f7
300
30a
314
31e
328
332
33d
347
351
35c
367
371
37c
387
392
39d
3a8
3b3
3bf
3ca
3d6
3e1
3ed
3f9
404
410
41c
428
435
441
44d
45a
466
473
47f
48c
499
4a6
4b3
4c0
4cd
4da
4e8
4f5
503
510
51e
52c
539
547
555
563
571
580
58e
59c
5ab
5b9
5c8
5d6
5e5
5f4
602
611
620
62f
63e
64d
65d
66c
67b
68b
69a
6aa
6b9
6c9
6d8
6e8
6f8
708
718
727
737
747
757
768
778
788
798
7a8
7b9
7c9
7d9
7ea
7fa
80b
81b
82c
83c
84d
85d
86e
87e
88f
8a0
8b0
8c1
8d2
8e3
8f3
904
915
925
936
947
958
968
979
98a
99b
9ab
9bc
9cd
9dd
9ee
9ff
a0f
a20
a31
a41
a52
a62
a73
a83
a93
aa4
ab4
ac4
ad5
ae5
af5
b05
b15
b25
b35
b45
b55
b65
b74
b84
b94
ba3
bb2
bc2
bd1
be0
bf0
bff
c0e
c1d
c2b
c3a
c49
c57
c66
c74
c83
c91
c9f
cad
cbb
cc9
cd6
ce4
cf1
cff
d0c
d19
d26
d33
d40
d4d
d59
d65
d72
d7e
d8a
d96
da2
dad
db9
dc4
dcf
dda
de5
df0
dfb
e05
e0f
e1a
e24
e2e
e37
e41
e4a
e53
e5d
e65
e6e
e77
e7f
e88
e90
e98
e9f
ea7
eae
eb6
ebd
ec4
eca
ed1
ed7
edd
ee3
ee9
eef
ef4
ef9
eff
f03
f08
f0d
f11
f15
f19
f1d
f21
f24
f27
f2a
f2d
f30
f32
f34
f36
f38
f3a
f3b
f3c
f3e
f3e
f3f
f40
f40
f40
f40
f40
f3f
f3e
f3e
f3c
f3b
f3a
f38
f36
f34
f32
f30
f2d
f2a
f27
f24
f21
f1d
f19
f15
f11
f0d
f08
f03
eff
ef9
ef4
eef
ee9
ee3
edd
ed7
ed1
eca
ec4
ebd
eb6
eae
ea7
e9f
e98
e90
e88
e7f
e77
e6e
e65
e5d
e53
e4a
e41
e37
e2e
e24
e1a
e0f
e05
dfb
df0
de5
dda
dcf
dc4
db9
dad
da2
d96
d8a
d7e
d72
d65
d59
d4d
d40
d33
d26
d19
d0c
cff
cf1
ce4
cd6
cc9
cbb
cad
c9f
c91
c83
c74
c66
c57
c49
c3a
c2b
c1d
c0e
bff
bf0
be0
bd1
bc2
bb2
ba3
b94
b84
b74
b65
b55
b45
b35
b25
b15
b05
af5
ae5
ad5
ac4
ab4
aa4
a93
a83
a73
a62
a52
a41
a31
a20
a0f
9ff
9ee
9dd
9cd
9bc
9ab
99b
98a
979
968
958
947
936
925
915
904
8f3
8e3
8d2
8c1
8b0
8a0
88f
87e
86e
85d
84d
83c
82c
81b
80b
7fa
7ea
7d9
7c9
7b9
7a8
798
788
778
768
757
747
737
727
718
708
6f8
6e8
6d8
6c9
6b9
6aa
69a
68b
67b
66c
65d
64d
63e
62f
620
611
602
5f4
5e5
5d6
5c8
5b9
5ab
59c
58e
580
571
563
555
547
539
52c
51e
510
503
4f5
4e8
4da
4cd
4c0
4b3
4a6
499
48c
47f
473
466
45a
44d
441
435
428
41c
410
404
3f9
3ed
3e1
3d6
3ca
3bf
3b3
3a8
39d
392
387
37c
371
367
35c
351
347
33d
332
328
31e
314
30a
300
2f7
2ed
2e3
2da
2d0
2c7
2be
2b5
2ac
2a3
29a
291
288
280
277
26e
266
25e
256
24d
245
23d
235
22e
226
21e
217
20f
208
200
1f9
1f2
1eb
1e4
1dd
1d6
1cf
1c8
1c2
1bb
1b5
1ae
1a8
1a2
19b
195
18f
189
183
17e
178
172
16c
167
161
15c
156
151
14c
147
142
13d
138
133
12e
129
124
120
11b
116
112
10d
109
105
101
0fc
0f8
0f4
0f0
0ec
0e8
0e4
0e0
0dd
0d9
0d5
0d2
0ce
0cb
0c7
0c4
0c0
0bd
0ba
0b7
0b3
0b0
0ad
0aa
0a7
0a4
0a1
09e
09c
099
096
093
091
08e
08c
089
087
084
082
07f
07d
07b
078
076
074
072
070
06e
06c
06a
068
066
064
062
060
05e
05c
05b
059
057
055
054
052
051
04f
04d
04c
04a
049
048
046
045
043
042
041
03f
03e
03d
03c
03a
039
038
037
036
035
034
033
031
030
02f
02e
02d
02d
02c
02b
02a
029
028
027
026
026
025
024
023
022
022
021
020
020
01f
01e
01e
01d
01c
01c
01b
01a
01a
019
019
018
018
017
017
016
016
015
015
014
014
013
013
012
012
012
011
011
010
010
010
00f
00f
00f
00e
00e
00e
00d
00d
00d
00c
00c
00c
00b
00b
00b
00b
00a
00a
00a
00a
009
009
009
009
009
008
008
008
008
008
007
007
007
007
007
006
006
006
006
006
006
006
005
005
005
005
005
005
005
005
004
004
004
004
004
004
004
004
004
003
003
003
003
003
003
003
003
003
003
003
003
003
002
002
002
002
002
002
002
002
002
002
002
002
002
002
002
002
002
002
001
001
001
001
001
001
001
001
001
001
001
001
001
001
001
001
001
001
001
001
001
001
001
001
001
001
001
001
001
001
001
001
001
001
001
001
001
001
000
000
000
000
000
000
000
000
000
000
000
000
000
000
000
000
000
000
000
000
000
000
000
000
000
000
000
000
000
000
000
000
000
000
000
000
000
000
000
000
000
000
000
000
000
000
000
000
000
000
000
000
000
000
000
000
000
000
000
000
000
000
000
000
000
000
000
000
000
000
000
000
000
000
000
000
000
000
000
000
000
000
000
000
000
000
000
000
000
000
000
000
000
000
000
000
000
000
000
000
000
000
000
000
000
000
000
000
000
000
000
000
000
000
000
000
000
000
000
000
000
000
000
000
000
000
000
000
000
000
000
000
000
000
000
000
000
000
000
000
000
000
000
000
000
000
000
000
000
000
000
000
000
000
000
000
000
000
000
000
000
000
000
000
000
000
000
000
000
000
000
000
000
000
000
000
000
000
000
000
000
000
000
000
000
000
000
000
000
000
000
000
000
000
000
000
000
000
000
000
000
000
000
000
000
000
000
000
000
000
000
000
000
000
000
000
000
000
000
000
000
000
000
000
000
000
000
000
000
000
000
000
000
000
000
000
000
000
000
000
000
000
000
000
000
000
000
000
000
000
000
000
000
000
000
000
000
000
000
000
000
000
000
000
000
000
000
000
000
000
000
000
000
000
000
000
000
000
000
000
000
000
000
000
000
000
000
000
000
000
000
000
000
000
000
000
000
000
000
000
000
000
000
000
000
000
000
000
000
000
000
000
000
000
000
000
000
000
000
000
000
000
000
000
000
000
000
000
000
000
000
000
000
000
000
000
000
000
000
000
000
000
000
000
000
000
000
000
000
000
000
000
000
000
000
000
000
000
000
000
000
000
000
000
000
000
000
000
000
000
000
000
000
000
000
000
000
000
000
000
000
000
000
000
000
000
000
000
000
000
000
000
000
000
000
000
000
000
000
000
000
000
000
000
000
000
000
000
000
000
000
000
000
000
000
000
000
000
000
000
000
000
000
000
000
000
000
000
000
000
000
000
000
000
000
000
000
000
000
000
000
000
000
000
000
000
000
000
000
000
000
000
000
000
000
000
000
000
000
000
000
000
000
000
000
000
000
000
000
000
000
000
000
000
000
000
000
000
000
000
000
000
000
000
000
000
000
000
000
000
000
000
000
000
000
000
000
000
000
000
000
000
