0000
0000
0000
0000
0000
0000
0000
0000
0000
0000
0000
0000
0000
0000
0000
0000
0000
0000
0000
0000
0000
0000
0000
0000
0000
0000
0000
0000
0000
0000
0000
0000
0000
0000
0000
0000
0000
0000
0000
0000
0000
0000
0000
0000
0000
0000
0000
0000
0000
0000
0000
0000
0000
0000
0000
0000
0000
0000
0000
0000
0000
0000
0000
0000
0000
0000
0000
0000
0000
0000
0000
0000
0000
0000
0000
0000
0000
0000
0000
0000
0000
0000
0000
0000
0000
0000
0000
0000
0000
0000
0000
0000
0000
0000
0000
0000
0000
0000
0000
0000
0000
0000
0000
0000
0000
0000
0000
0000
0000
0000
0000
0000
0000
0000
0000
0000
0000
0000
0000
0000
0000
0000
0000
0000
0000
0000
0000
0000
0000
0000
0000
0000
0000
0000
0000
0000
0000
0000
0000
0000
0000
0000
0000
0000
0000
0000
0000
0000
0000
0000
0000
0000
0000
0000
0000
0000
0000
0000
0000
0000
0000
0000
0000
0000
0000
0000
0000
0000
0000
0000
0000
0000
0000
0000
0000
0000
0000
0000
0000
0000
0000
0000
0000
0000
0000
0000
0000
0000
0000
0000
0000
0000
0000
0000
0000
0000
0000
0000
0000
0000
0000
0000
0000
0000
0000
0000
0000
0000
0000
0000
0000
0000
0000
0000
0000
0000
0000
0000
0000
0000
0000
0000
0000
0000
0000
0000
0000
0000
0000
0000
0000
0000
0000
0000
0000
0000
0000
0000
0000
0000
0000
0000
0000
0000
0000
0000
0000
0000
0000
0000
0000
0000
0000
0000
0000
0000
0000
0000
0000
0000
0000
0000
0000
0000
0000
0000
0000
0000
0000
0000
0000
0000
0000
0000
0000
0000
0000
0000
0000
0000
0000
0000
0000
0000
0000
0000
0000
0000
0000
0000
0000
0000
0000
0000
0000
0000
0000
0000
0000
0000
0000
0000
0000
0000
0000
0000
0000
0000
0000
0000
0000
0000
0000
0000
0000
0000
0000
0000
0000
0000
0000
0000
0000
0000
0000
0000
0000
0000
0000
0000
0000
0000
0000
0000
0000
0000
0000
0000
0000
0000
0000
0000
0000
0000
0000
0000
0000
0000
0000
0000
0000
0000
0000
0000
0000
0000
0000
0000
0000
0000
0000
0000
0000
0000
0000
0000
0000
0000
0000
0000
0000
0000
0000
0000
0000
0000
0000
0000
0000
0000
0000
0000
0000
0000
0000
0000
0000
0000
0000
0000
0000
0000
0000
0000
0000
0000
0000
0000
0000
0000
0000
0000
0000
0000
0000
0000
0000
0000
0000
0000
0000
0000
0000
0000
0000
0000
0000
0000
0000
0000
0000
0000
0000
0000
0000
0000
0000
0000
0000
0000
0000
0000
0000
0000
0000
0000
0000
0000
0000
0000
0000
0000
0000
0000
0000
0000
0000
0000
0000
0000
0000
0000
0000
0000
0000
0000
0000
0000
0000
0000
0000
0000
0000
0000
0000
0000
0000
0000
0000
0000
0000
0000
0000
0000
0000
0000
0000
0000
0000
0000
0000
0000
0000
0000
0000
0000
0000
0000
0000
0000
0000
0000
0000
0000
0000
0000
0000
0000
0000
0000
0000
0000
0000
0000
0000
0000
0000
0000
0000
0000
0000
0000
0000
0000
0000
0000
0000
0000
0000
0000
0000
0000
0000
0000
0000
0000
0000
0000
0000
0000
0000
0000
0000
0000
0000
0000
0000
0000
0000
0000
0000
0000
0000
0000
0000
0000
0000
0000
0000
0000
0000
0000
0000
0000
0000
0000
0000
0000
0000
0000
0000
0000
0000
0000
0000
0000
0000
0000
0000
0000
0000
0000
0000
0000
0000
0000
0000
0000
0000
0000
0000
0000
0000
0000
0000
0000
0000
0000
0000
0000
0000
0000
0000
0000
0000
0000
0000
0000
0000
0000
0000
0000
0000
0000
0000
0000
0000
0000
0000
0000
0000
0000
0000
0000
0000
0000
0000
0000
0000
0000
0000
0000
0000
0000
0000
0000
0000
0000
0000
0000
0000
0000
0000
0000
0000
0000
0000
0000
0000
0000
0000
0000
0000
0000
0000
0000
0000
0000
0000
0000
0000
0000
0000
0000
0000
0000
0000
0000
0001
0001
0001
0001
0001
0001
0001
0001
0001
0001
0001
0001
0001
0001
0001
0001
0001
0001
0001
0001
0001
0001
0001
0001
0001
0001
0001
0001
0002
0002
0002
0002
0002
0002
0002
0002
0002
0002
0002
0002
0002
0002
0003
0003
0003
0003
0003
0003
0003
0003
0003
0004
0004
0004
0004
0004
0004
0004
0005
0005
0005
0005
0005
0005
0006
0006
0006
0006
0006
0007
0007
0007
0007
0008
0008
0008
0008
0009
0009
0009
000a
000a
000a
000b
000b
000b
000c
000c
000d
000d
000d
000e
000e
000f
000f
0010
0010
0011
0011
0012
0012
0013
0014
0014
0015
0016
0016
0017
0018
0018
0019
001a
001b
001c
001c
001d
001e
001f
0020
0021
0022
0023
0024
0025
0026
0027
0029
002a
002b
002c
002e
002f
0030
0032
0033
0034
0036
0038
0039
003b
003c
003e
0040
0042
0043
0045
0047
0049
004b
004d
004f
0052
0054
0056
0058
005b
005d
0060
0062
0065
0067
006a
006d
0070
0073
0076
0079
007c
007f
0082
0085
0089
008c
0090
0093
0097
009b
009e
00a2
00a6
00aa
00af
00b3
00b7
00bc
00c0
00c5
00c9
00ce
00d3
00d8
00dd
00e2
00e7
00ed
00f2
00f8
00fd
0103
0109
010f
0115
011b
0122
0128
012f
0135
013c
0143
014a
0151
0158
0160
0167
016f
0177
017e
0186
018f
0197
019f
01a8
01b1
01b9
01c2
01cb
01d5
01de
01e8
01f1
01fb
0205
020f
0219
0224
022e
0239
0244
024f
025a
0265
0271
027d
0288
0294
02a0
02ad
02b9
02c6
02d2
02df
02ec
02fa
0307
0315
0322
0330
033e
034c
035b
0369
0378
0387
0396
03a5
03b5
03c4
03d4
03e4
03f4
0404
0414
0425
0435
0446
0457
0468
047a
048b
049d
04ae
04c0
04d3
04e5
04f7
050a
051c
052f
0542
0555
0569
057c
0590
05a3
05b7
05cb
05df
05f4
0608
061d
0631
0646
065b
0670
0685
069a
06b0
06c5
06db
06f0
0706
071c
0732
0748
075e
0775
078b
07a1
07b8
07ce
07e5
07fc
0813
0829
0840
0857
086e
0885
089c
08b4
08cb
08e2
08f9
0910
0928
093f
0956
096e
0985
099c
09b4
09cb
09e2
09f9
0a11
0a28
0a3f
0a56
0a6d
0a84
0a9b
0ab2
0ac9
0ae0
0af7
0b0e
0b24
0b3b
0b51
0b67
0b7e
0b94
0baa
0bc0
0bd6
0beb
0c01
0c16
0c2c
0c41
0c56
0c6a
0c7f
0c94
0ca8
0cbc
0cd0
0ce4
0cf8
0d0b
0d1e
0d31
0d44
0d57
0d69
0d7c
0d8e
0d9f
0db1
0dc2
0dd3
0de4
0df5
0e05
0e15
0e25
0e34
0e44
0e52
0e61
0e70
0e7e
0e8c
0e99
0ea6
0eb3
0ec0
0ecc
0ed8
0ee4
0ef0
0efb
0f05
0f10
0f1a
0f24
0f2d
0f36
0f3f
0f48
0f50
0f58
0f5f
0f66
0f6d
0f73
0f79
0f7f
0f84
0f89
0f8e
0f92
0f96
0f99
0f9c
0f9f
0fa1
0fa3
0fa5
0fa6
0fa7
0fa8
0fa8
0fa8
0fa7
0fa6
0fa5
0fa3
0fa1
0f9f
0f9c
0f99
0f96
0f92
0f8e
0f89
0f84
0f7f
0f79
0f73
0f6d
0f66
0f5f
0f58
0f50
0f48
0f3f
0f36
0f2d
0f24
0f1a
0f10
0f05
0efb
0ef0
0ee4
0ed8
0ecc
0ec0
0eb3
0ea6
0e99
0e8c
0e7e
0e70
0e61
0e52
0e44
0e34
0e25
0e15
0e05
0df5
0de4
0dd3
0dc2
0db1
0d9f
0d8e
0d7c
0d69
0d57
0d44
0d31
0d1e
0d0b
0cf8
0ce4
0cd0
0cbc
0ca8
0c94
0c7f
0c6a
0c56
0c41
0c2c
0c16
0c01
0beb
0bd6
0bc0
0baa
0b94
0b7e
0b67
0b51
0b3b
0b24
0b0e
0af7
0ae0
0ac9
0ab2
0a9b
0a84
0a6d
0a56
0a3f
0a28
0a11
09f9
09e2
09cb
09b4
099c
0985
096e
0956
093f
0928
0910
08f9
08e2
08cb
08b4
089c
0885
086e
0857
0840
0829
0813
07fc
07e5
07ce
07b8
07a1
078b
0775
075e
0748
0732
071c
0706
06f0
06db
06c5
06b0
069a
0685
0670
065b
0646
0631
061d
0608
05f4
05df
05cb
05b7
05a3
0590
057c
0569
0555
0542
052f
051c
050a
04f7
04e5
04d3
04c0
04ae
049d
048b
047a
0468
0457
0446
0435
0425
0414
0404
03f4
03e4
03d4
03c4
03b5
03a5
0396
0387
0378
0369
035b
034c
033e
0330
0322
0315
0307
02fa
02ec
02df
02d2
02c6
02b9
02ad
02a0
0294
0288
027d
0271
0265
025a
024f
0244
0239
022e
0224
0219
020f
0205
01fb
01f1
01e8
01de
01d5
01cb
01c2
01b9
01b1
01a8
019f
0197
018f
0186
017e
0177
016f
0167
0160
0158
0151
014a
0143
013c
0135
012f
0128
0122
011b
0115
010f
0109
0103
00fd
00f8
00f2
00ed
00e7
00e2
00dd
00d8
00d3
00ce
00c9
00c5
00c0
00bc
00b7
00b3
00af
00aa
00a6
00a2
009e
009b
0097
0093
0090
008c
0089
0085
0082
007f
007c
0079
0076
0073
0070
006d
006a
0067
0065
0062
0060
005d
005b
0058
0056
0054
0052
004f
004d
004b
0049
0047
0045
0043
0042
0040
003e
003c
003b
0039
0038
0036
0034
0033
0032
0030
002f
002e
002c
002b
002a
0029
0027
0026
0025
0024
0023
0022
0021
0020
001f
001e
001d
001c
001c
001b
001a
0019
0018
0018
0017
0016
0016
0015
0014
0014
0013
0012
0012
0011
0011
0010
0010
000f
000f
000e
000e
000d
000d
000d
000c
000c
000b
000b
000b
000a
000a
000a
0009
0009
0009
0008
0008
0008
0008
0007
0007
0007
0007
0006
0006
0006
0006
0006
0005
0005
0005
0005
0005
0005
0004
0004
0004
0004
0004
0004
0004
0003
0003
0003
0003
0003
0003
0003
0003
0003
0002
0002
0002
0002
0002
0002
0002
0002
0002
0002
0002
0002
0002
0002
0001
0001
0001
0001
0001
0001
0001
0001
0001
0001
0001
0001
0001
0001
0001
0001
0001
0001
0001
0001
0001
0001
0001
0001
0001
0001
0001
0001
0000
0000
0000
0000
0000
0000
0000
0000
0000
0000
0000
0000
0000
0000
0000
0000
0000
0000
0000
0000
0000
0000
0000
0000
0000
0000
0000
0000
0000
0000
0000
0000
0000
0000
0000
0000
0000
0000
0000
0000
0000
0000
0000
0000
0000
0000
0000
0000
0000
0000
0000
0000
0000
0000
0000
0000
0000
0000
0000
0000
0000
0000
0000
0000
0000
0000
0000
0000
0000
0000
0000
0000
0000
0000
0000
0000
0000
0000
0000
0000
0000
0000
0000
0000
0000
0000
0000
0000
0000
0000
0000
0000
0000
0000
0000
0000
0000
0000
0000
0000
0000
0000
0000
0000
0000
0000
0000
0000
0000
0000
0000
0000
0000
0000
0000
0000
0000
0000
0000
0000
0000
0000
0000
0000
0000
0000
0000
0000
0000
0000
0000
0000
0000
0000
0000
0000
0000
0000
0000
0000
0000
0000
0000
0000
0000
0000
0000
0000
0000
0000
0000
0000
0000
0000
0000
0000
0000
0000
0000
0000
0000
0000
0000
0000
0000
0000
0000
0000
0000
0000
0000
0000
0000
0000
0000
0000
0000
0000
0000
0000
0000
0000
0000
0000
0000
0000
0000
0000
0000
0000
0000
0000
0000
0000
0000
0000
0000
0000
0000
0000
0000
0000
0000
0000
0000
0000
0000
0000
0000
0000
0000
0000
0000
0000
0000
0000
0000
0000
0000
0000
0000
0000
0000
0000
0000
0000
0000
0000
0000
0000
0000
0000
0000
0000
0000
0000
0000
0000
0000
0000
0000
0000
0000
0000
0000
0000
0000
0000
0000
0000
0000
0000
0000
0000
0000
0000
0000
0000
0000
0000
0000
0000
0000
0000
0000
0000
0000
0000
0000
0000
0000
0000
0000
0000
0000
0000
0000
0000
0000
0000
0000
0000
0000
0000
0000
0000
0000
0000
0000
0000
0000
0000
0000
0000
0000
0000
0000
0000
0000
0000
0000
0000
0000
0000
0000
0000
0000
0000
0000
0000
0000
0000
0000
0000
0000
0000
0000
0000
0000
0000
0000
0000
0000
0000
0000
0000
0000
0000
0000
0000
0000
0000
0000
0000
0000
0000
0000
0000
0000
0000
0000
0000
0000
0000
0000
0000
0000
0000
0000
0000
0000
0000
0000
0000
0000
0000
0000
0000
0000
0000
0000
0000
0000
0000
0000
0000
0000
0000
0000
0000
0000
0000
0000
0000
0000
0000
0000
0000
0000
0000
0000
0000
0000
0000
0000
0000
0000
0000
0000
0000
0000
0000
0000
0000
0000
0000
0000
0000
0000
0000
0000
0000
0000
0000
0000
0000
0000
0000
0000
0000
0000
0000
0000
0000
0000
0000
0000
0000
0000
0000
0000
0000
0000
0000
0000
0000
0000
0000
0000
0000
0000
0000
0000
0000
0000
0000
0000
0000
0000
0000
0000
0000
0000
0000
0000
0000
0000
0000
0000
0000
0000
0000
0000
0000
0000
0000
0000
0000
0000
0000
0000
0000
0000
0000
0000
0000
0000
0000
0000
0000
0000
0000
0000
0000
0000
0000
0000
0000
0000
0000
0000
0000
0000
0000
0000
0000
0000
0000
0000
0000
0000
0000
0000
0000
0000
0000
0000
0000
0000
0000
0000
0000
0000
0000
0000
0000
0000
0000
0000
0000
0000
0000
0000
0000
0000
0000
0000
0000
0000
0000
0000
0000
0000
0000
0000
0000
0000
0000
0000
0000
0000
0000
0000
0000
0000
0000
0000
0000
0000
0000
0000
0000
0000
0000
0000
0000
0000
0000
0000
0000
0000
0000
0000
0000
0000
0000
0000
0000
0000
0000
0000
0000
0000
0000
0000
0000
0000
0000
0000
0000
0000
0000
0000
0000
0000
0000
0000
0000
0000
0000
0000
0000
0000
0000
0000
0000
0000
0000
0000
0000
0000
0000
0000
0000
0000
0000
0000
0000
0000
0000
0000
0000
0000
0000
0000
0000
0000
0000
0000
0000
0000
0000
0000
0000
0000
0000
0000
0000
0000
0000
0000
0000
0000
0000
0000
0000
0000
0000
0000
0000
0000
0000
0000
0000
0000
0000
0000
0000
0000
0000
0000
0000
0000
0000
0000
0000
0000
0000
0000
0000
0000
0000
0000
0000
0000
0000
0000
0000
