0000
0000
0000
0000
0000
0000
0000
0000
0000
0000
0000
0000
0000
0000
0000
0000
0000
0000
0000
0000
0000
0000
0000
0000
0000
0000
0000
0000
0000
0000
0000
0000
0000
0000
0000
0000
0000
0000
0000
0000
0000
0000
0000
0000
0000
0000
0000
0000
0000
0000
0000
0000
0000
0000
0000
0000
0000
0000
0000
0000
0000
0000
0000
0000
0000
0000
0000
0000
0000
0000
0000
0000
0000
0000
0000
0000
0000
0000
0000
0000
0000
0000
0000
0000
0000
0000
0000
0000
0000
0000
0000
0000
0000
0000
0000
0000
0000
0000
0000
0000
0000
0000
0000
0000
0000
0000
0000
0000
0000
0000
0000
0000
0000
0000
0000
0000
0000
0000
0000
0000
0000
0000
0000
0000
0000
0000
0000
0000
0000
0000
0000
0000
0000
0000
0000
0000
0000
0000
0000
0000
0000
0000
0000
0000
0000
0000
0000
0000
0000
0000
0000
0000
0000
0000
0000
0000
0000
0000
0000
0000
0000
0000
0000
0000
0000
0000
0000
0000
0000
0000
0000
0000
0000
0000
0000
0000
0000
0000
0000
0000
0000
0000
0000
0000
0000
0000
0000
0000
0000
0000
0000
0000
0000
0000
0000
0000
0000
0000
0000
0000
0000
0000
0000
0000
0000
0000
0000
0000
0000
0000
0000
0000
0000
0000
0000
0000
0000
0000
0000
0000
0000
0000
0000
0000
0000
0000
0000
0000
0000
0000
0000
0000
0000
0000
0000
0000
0000
0000
0000
0000
0000
0000
0000
0000
0000
0000
0000
0000
0000
0000
0000
0000
0000
0000
0000
0000
0000
0000
0000
0000
0000
0000
0000
0000
0000
0000
0000
0000
0000
0000
0000
0000
0000
0000
0000
0000
0000
0000
0000
0000
0000
0000
0000
0000
0000
0000
0000
0000
0000
0000
0000
0000
0000
0000
0000
0000
0000
0000
0000
0000
0000
0000
0000
0000
0000
0000
0000
0000
0000
0000
0000
0000
0000
0000
0000
0000
0000
0000
0000
0000
0000
0000
0000
0000
0000
0000
0000
0000
0000
0000
0000
0000
0000
0000
0000
0000
0000
0000
0000
0000
0000
0000
0000
0000
0000
0000
0000
0000
0000
0000
0000
0000
0000
0000
0000
0000
0000
0000
0000
0000
0000
0000
0000
0000
0000
0000
0000
0000
0000
0000
0000
0000
0000
0000
0000
0000
0000
0000
0000
0000
0000
0000
0000
0000
0000
0000
0000
0000
0000
0000
0000
0000
0000
0000
0000
0000
0000
0000
0000
0000
0000
0000
0000
0000
0000
0000
0000
0000
0000
0000
0000
0000
0000
0000
0000
0000
0000
0000
0000
0000
0000
0000
0000
0000
0000
0000
0000
0000
0000
0000
0000
0000
0000
0000
0000
0000
0000
0000
0000
0000
0000
0000
0000
0000
0000
0000
0000
0000
0000
0000
0000
0000
0000
0000
0000
0000
0000
0000
0000
0000
0000
0000
0000
0000
0000
0000
0000
0000
0000
0000
0000
0000
0000
0000
0000
0000
0000
0000
0000
0000
0000
0000
0000
0000
0000
0000
0000
0000
0000
0000
0000
0000
0000
0000
0000
0000
0000
0000
0000
0000
0000
0000
0000
0000
0000
0000
0000
0000
0000
0000
0000
0000
0000
0000
0000
0000
0000
0000
0000
0000
0000
0000
0000
0000
0000
0000
0000
0000
0000
0000
0000
0000
0000
0000
0001
0001
0001
0001
0001
0001
0001
0001
0001
0001
0001
0001
0001
0001
0001
0001
0001
0001
0001
0001
0001
0001
0001
0001
0001
0001
0001
0001
0001
0001
0001
0001
0001
0001
0001
0001
0002
0002
0002
0002
0002
0002
0002
0002
0002
0002
0002
0002
0002
0002
0002
0002
0002
0003
0003
0003
0003
0003
0003
0003
0003
0003
0003
0003
0003
0004
0004
0004
0004
0004
0004
0004
0004
0004
0005
0005
0005
0005
0005
0005
0005
0006
0006
0006
0006
0006
0006
0006
0007
0007
0007
0007
0007
0008
0008
0008
0008
0008
0009
0009
0009
0009
000a
000a
000a
000a
000b
000b
000b
000c
000c
000c
000c
000d
000d
000d
000e
000e
000f
000f
000f
0010
0010
0010
0011
0011
0012
0012
0013
0013
0014
0014
0015
0015
0016
0016
0017
0017
0018
0018
0019
0019
001a
001b
001b
001c
001d
001d
001e
001f
0020
0020
0021
0022
0023
0023
0024
0025
0026
0027
0028
0029
002a
002a
002b
002c
002d
002e
0030
0031
0032
0033
0034
0035
0036
0037
0039
003a
003b
003c
003e
003f
0041
0042
0043
0045
0046
0048
0049
004b
004d
004e
0050
0051
0053
0055
0057
0059
005a
005c
005e
0060
0062
0064
0066
0068
006a
006d
006f
0071
0073
0076
0078
007a
007d
007f
0082
0084
0087
008a
008c
008f
0092
0095
0098
009a
009d
00a0
00a4
00a7
00aa
00ad
00b0
00b4
00b7
00ba
00be
00c2
00c5
00c9
00cc
00d0
00d4
00d8
00dc
00e0
00e4
00e8
00ec
00f0
00f5
00f9
00fd
0102
0107
010b
0110
0115
0119
011e
0123
0128
012d
0133
0138
013d
0142
0148
014d
0153
0159
015e
0164
016a
0170
0176
017c
0183
0189
018f
0196
019c
01a3
01aa
01b0
01b7
01be
01c5
01cc
01d4
01db
01e2
01ea
01f1
01f9
0201
0209
0210
0218
0221
0229
0231
0239
0242
024a
0253
025c
0265
026e
0277
0280
0289
0292
029c
02a5
02af
02b8
02c2
02cc
02d6
02e0
02ea
02f5
02ff
030a
0314
031f
032a
0335
0340
034b
0356
0361
036d
0378
0384
038f
039b
03a7
03b3
03bf
03cb
03d8
03e4
03f0
03fd
040a
0416
0423
0430
043d
044b
0458
0465
0473
0480
048e
049c
04aa
04b7
04c6
04d4
04e2
04f0
04ff
050d
051c
052a
0539
0548
0557
0566
0575
0584
0594
05a3
05b3
05c2
05d2
05e2
05f1
0601
0611
0621
0631
0642
0652
0662
0673
0683
0694
06a4
06b5
06c6
06d7
06e7
06f8
0709
071b
072c
073d
074e
075f
0771
0782
0794
07a5
07b7
07c8
07da
07ec
07fd
080f
0821
0833
0845
0857
0869
087b
088d
089f
08b1
08c3
08d5
08e7
08f9
090b
091d
0930
0942
0954
0966
0978
098a
099d
09af
09c1
09d3
09e5
09f7
0a0a
0a1c
0a2e
0a40
0a52
0a64
0a76
0a88
0a9a
0aac
0abe
0ad0
0ae1
0af3
0b05
0b17
0b28
0b3a
0b4b
0b5d
0b6e
0b7f
0b91
0ba2
0bb3
0bc4
0bd5
0be6
0bf7
0c08
0c18
0c29
0c3a
0c4a
0c5a
0c6b
0c7b
0c8b
0c9b
0cab
0cba
0cca
0cd9
0ce9
0cf8
0d07
0d16
0d25
0d34
0d43
0d51
0d60
0d6e
0d7c
0d8a
0d98
0da6
0db4
0dc1
0dcf
0ddc
0de9
0df6
0e02
0e0f
0e1b
0e28
0e34
0e40
0e4b
0e57
0e63
0e6e
0e79
0e84
0e8e
0e99
0ea3
0eae
0eb8
0ec1
0ecb
0ed5
0ede
0ee7
0ef0
0ef8
0f01
0f09
0f11
0f19
0f21
0f28
0f30
0f37
0f3e
0f44
0f4b
0f51
0f57
0f5d
0f62
0f68
0f6d
0f72
0f77
0f7b
0f80
0f84
0f88
0f8b
0f8f
0f92
0f95
0f98
0f9a
0f9d
0f9f
0fa1
0fa3
0fa4
0fa5
0fa6
0fa7
0fa8
0fa8
0fa8
0fa8
0fa8
0fa7
0fa6
0fa5
0fa4
0fa3
0fa1
0f9f
0f9d
0f9a
0f98
0f95
0f92
0f8f
0f8b
0f88
0f84
0f80
0f7b
0f77
0f72
0f6d
0f68
0f62
0f5d
0f57
0f51
0f4b
0f44
0f3e
0f37
0f30
0f28
0f21
0f19
0f11
0f09
0f01
0ef8
0ef0
0ee7
0ede
0ed5
0ecb
0ec1
0eb8
0eae
0ea3
0e99
0e8e
0e84
0e79
0e6e
0e63
0e57
0e4b
0e40
0e34
0e28
0e1b
0e0f
0e02
0df6
0de9
0ddc
0dcf
0dc1
0db4
0da6
0d98
0d8a
0d7c
0d6e
0d60
0d51
0d43
0d34
0d25
0d16
0d07
0cf8
0ce9
0cd9
0cca
0cba
0cab
0c9b
0c8b
0c7b
0c6b
0c5a
0c4a
0c3a
0c29
0c18
0c08
0bf7
0be6
0bd5
0bc4
0bb3
0ba2
0b91
0b7f
0b6e
0b5d
0b4b
0b3a
0b28
0b17
0b05
0af3
0ae1
0ad0
0abe
0aac
0a9a
0a88
0a76
0a64
0a52
0a40
0a2e
0a1c
0a0a
09f7
09e5
09d3
09c1
09af
099d
098a
0978
0966
0954
0942
0930
091d
090b
08f9
08e7
08d5
08c3
08b1
089f
088d
087b
0869
0857
0845
0833
0821
080f
07fd
07ec
07da
07c8
07b7
07a5
0794
0782
0771
075f
074e
073d
072c
071b
0709
06f8
06e7
06d7
06c6
06b5
06a4
0694
0683
0673
0662
0652
0642
0631
0621
0611
0601
05f1
05e2
05d2
05c2
05b3
05a3
0594
0584
0575
0566
0557
0548
0539
052a
051c
050d
04ff
04f0
04e2
04d4
04c6
04b7
04aa
049c
048e
0480
0473
0465
0458
044b
043d
0430
0423
0416
040a
03fd
03f0
03e4
03d8
03cb
03bf
03b3
03a7
039b
038f
0384
0378
036d
0361
0356
034b
0340
0335
032a
031f
0314
030a
02ff
02f5
02ea
02e0
02d6
02cc
02c2
02b8
02af
02a5
029c
0292
0289
0280
0277
026e
0265
025c
0253
024a
0242
0239
0231
0229
0221
0218
0210
0209
0201
01f9
01f1
01ea
01e2
01db
01d4
01cc
01c5
01be
01b7
01b0
01aa
01a3
019c
0196
018f
0189
0183
017c
0176
0170
016a
0164
015e
0159
0153
014d
0148
0142
013d
0138
0133
012d
0128
0123
011e
0119
0115
0110
010b
0107
0102
00fd
00f9
00f5
00f0
00ec
00e8
00e4
00e0
00dc
00d8
00d4
00d0
00cc
00c9
00c5
00c2
00be
00ba
00b7
00b4
00b0
00ad
00aa
00a7
00a4
00a0
009d
009a
0098
0095
0092
008f
008c
008a
0087
0084
0082
007f
007d
007a
0078
0076
0073
0071
006f
006d
006a
0068
0066
0064
0062
0060
005e
005c
005a
0059
0057
0055
0053
0051
0050
004e
004d
004b
0049
0048
0046
0045
0043
0042
0041
003f
003e
003c
003b
003a
0039
0037
0036
0035
0034
0033
0032
0031
0030
002e
002d
002c
002b
002a
002a
0029
0028
0027
0026
0025
0024
0023
0023
0022
0021
0020
0020
001f
001e
001d
001d
001c
001b
001b
001a
0019
0019
0018
0018
0017
0017
0016
0016
0015
0015
0014
0014
0013
0013
0012
0012
0011
0011
0010
0010
0010
000f
000f
000f
000e
000e
000d
000d
000d
000c
000c
000c
000c
000b
000b
000b
000a
000a
000a
000a
0009
0009
0009
0009
0008
0008
0008
0008
0008
0007
0007
0007
0007
0007
0006
0006
0006
0006
0006
0006
0006
0005
0005
0005
0005
0005
0005
0005
0004
0004
0004
0004
0004
0004
0004
0004
0004
0003
0003
0003
0003
0003
0003
0003
0003
0003
0003
0003
0003
0002
0002
0002
0002
0002
0002
0002
0002
0002
0002
0002
0002
0002
0002
0002
0002
0002
0001
0001
0001
0001
0001
0001
0001
0001
0001
0001
0001
0001
0001
0001
0001
0001
0001
0001
0001
0001
0001
0001
0001
0001
0001
0001
0001
0001
0001
0001
0001
0001
0001
0001
0001
0001
0000
0000
0000
0000
0000
0000
0000
0000
0000
0000
0000
0000
0000
0000
0000
0000
0000
0000
0000
0000
0000
0000
0000
0000
0000
0000
0000
0000
0000
0000
0000
0000
0000
0000
0000
0000
0000
0000
0000
0000
0000
0000
0000
0000
0000
0000
0000
0000
0000
0000
0000
0000
0000
0000
0000
0000
0000
0000
0000
0000
0000
0000
0000
0000
0000
0000
0000
0000
0000
0000
0000
0000
0000
0000
0000
0000
0000
0000
0000
0000
0000
0000
0000
0000
0000
0000
0000
0000
0000
0000
0000
0000
0000
0000
0000
0000
0000
0000
0000
0000
0000
0000
0000
0000
0000
0000
0000
0000
0000
0000
0000
0000
0000
0000
0000
0000
0000
0000
0000
0000
0000
0000
0000
0000
0000
0000
0000
0000
0000
0000
0000
0000
0000
0000
0000
0000
0000
0000
0000
0000
0000
0000
0000
0000
0000
0000
0000
0000
0000
0000
0000
0000
0000
0000
0000
0000
0000
0000
0000
0000
0000
0000
0000
0000
0000
0000
0000
0000
0000
0000
0000
0000
0000
0000
0000
0000
0000
0000
0000
0000
0000
0000
0000
0000
0000
0000
0000
0000
0000
0000
0000
0000
0000
0000
0000
0000
0000
0000
0000
0000
0000
0000
0000
0000
0000
0000
0000
0000
0000
0000
0000
0000
0000
0000
0000
0000
0000
0000
0000
0000
0000
0000
0000
0000
0000
0000
0000
0000
0000
0000
0000
0000
0000
0000
0000
0000
0000
0000
0000
0000
0000
0000
0000
0000
0000
0000
0000
0000
0000
0000
0000
0000
0000
0000
0000
0000
0000
0000
0000
0000
0000
0000
0000
0000
0000
0000
0000
0000
0000
0000
0000
0000
0000
0000
0000
0000
0000
0000
0000
0000
0000
0000
0000
0000
0000
0000
0000
0000
0000
0000
0000
0000
0000
0000
0000
0000
0000
0000
0000
0000
0000
0000
0000
0000
0000
0000
0000
0000
0000
0000
0000
0000
0000
0000
0000
0000
0000
0000
0000
0000
0000
0000
0000
0000
0000
0000
0000
0000
0000
0000
0000
0000
0000
0000
0000
0000
0000
0000
0000
0000
0000
0000
0000
0000
0000
0000
0000
0000
0000
0000
0000
0000
0000
0000
0000
0000
0000
0000
0000
0000
0000
0000
0000
0000
0000
0000
0000
0000
0000
0000
0000
0000
0000
0000
0000
0000
0000
0000
0000
0000
0000
0000
0000
0000
0000
0000
0000
0000
0000
0000
0000
0000
0000
0000
0000
0000
0000
0000
0000
0000
0000
0000
0000
0000
0000
0000
0000
0000
0000
0000
0000
0000
0000
0000
0000
0000
0000
0000
0000
0000
0000
0000
0000
0000
0000
0000
0000
0000
0000
0000
0000
0000
0000
0000
0000
0000
0000
0000
0000
0000
0000
0000
0000
0000
0000
0000
0000
0000
0000
0000
0000
0000
0000
0000
0000
0000
0000
0000
0000
0000
0000
0000
0000
0000
0000
0000
0000
0000
0000
0000
0000
0000
0000
0000
0000
0000
0000
0000
0000
0000
0000
0000
0000
0000
0000
0000
0000
0000
0000
0000
0000
0000
0000
0000
0000
0000
0000
0000
0000
0000
0000
0000
0000
0000
0000
0000
0000
0000
0000
0000
0000
0000
0000
0000
0000
0000
0000
0000
0000
0000
0000
0000
0000
0000
0000
0000
0000
0000
0000
0000
0000
0000
0000
0000
