000
000
000
000
000
000
000
000
000
000
000
000
000
000
000
000
000
000
000
000
000
000
000
000
000
000
000
000
000
000
000
000
000
000
000
000
000
000
000
000
000
000
000
000
000
000
000
000
000
000
000
000
000
000
000
000
000
000
000
000
000
000
000
000
000
000
000
000
000
000
000
000
000
000
000
000
000
000
000
000
000
000
000
000
000
000
000
000
000
000
000
000
000
000
000
000
000
000
000
000
000
000
000
000
000
000
000
000
000
000
000
000
000
000
000
000
000
000
000
000
000
000
000
000
000
000
000
000
000
000
000
000
000
000
000
000
000
000
000
000
000
000
000
000
000
000
000
000
000
000
000
000
000
000
000
000
000
000
000
000
000
000
000
000
000
000
000
000
000
000
000
000
000
000
000
000
000
000
000
000
000
000
000
000
000
000
000
000
000
000
000
000
000
000
000
000
000
000
000
000
000
000
000
000
000
000
000
000
000
000
000
000
000
000
000
000
000
000
000
000
000
000
000
000
000
000
000
000
000
000
000
000
000
000
000
000
000
000
000
000
000
000
000
000
000
000
000
000
000
000
000
000
000
000
000
000
000
000
000
000
000
000
000
000
000
000
000
000
000
000
000
000
000
000
000
000
000
000
000
000
000
000
000
000
000
000
000
000
000
000
000
000
000
000
000
000
000
000
000
000
000
000
000
000
000
000
000
000
000
000
000
000
000
000
000
000
000
000
000
000
000
000
000
000
000
000
000
000
000
000
000
000
000
000
000
000
000
000
000
000
000
000
000
000
000
000
000
000
000
000
000
000
000
000
000
000
000
000
000
000
000
000
000
000
000
000
000
000
000
000
000
000
000
000
000
000
000
000
000
000
000
000
000
000
000
000
000
000
000
000
000
000
000
000
000
000
000
000
000
000
000
000
000
000
000
000
000
000
000
000
000
000
000
000
000
000
000
000
000
000
000
000
000
000
000
000
000
000
000
000
000
000
000
000
000
000
000
000
000
000
000
000
000
000
000
000
000
000
000
000
000
000
000
000
000
000
000
000
000
000
000
000
000
000
000
000
000
000
000
000
000
000
000
000
000
000
000
000
000
000
000
000
000
000
000
000
000
000
000
000
000
000
000
000
000
000
000
000
000
000
000
000
000
000
000
000
000
000
000
000
000
000
000
000
000
000
000
000
000
000
000
000
000
000
000
000
000
000
000
000
000
000
000
000
000
000
000
000
000
000
000
000
000
000
000
000
000
000
000
000
000
000
000
000
000
000
000
000
000
000
000
000
000
001
001
001
001
001
001
001
001
001
001
001
001
001
001
001
001
001
001
001
001
001
001
001
001
001
001
001
001
001
001
001
001
001
001
002
002
002
002
002
002
002
002
002
002
002
002
002
002
002
002
003
003
003
003
003
003
003
003
003
003
003
003
004
004
004
004
004
004
004
004
005
005
005
005
005
005
005
006
006
006
006
006
006
007
007
007
007
007
008
008
008
008
008
009
009
009
009
00a
00a
00a
00a
00b
00b
00b
00c
00c
00c
00d
00d
00d
00e
00e
00e
00f
00f
010
010
010
011
011
012
012
013
013
014
014
015
015
016
016
017
018
018
019
019
01a
01b
01b
01c
01d
01d
01e
01f
020
021
021
022
023
024
025
026
027
027
028
029
02a
02b
02c
02d
02f
030
031
032
033
034
036
037
038
039
03b
03c
03d
03f
040
042
043
045
046
048
049
04b
04d
04e
050
052
054
056
058
059
05b
05d
05f
062
064
066
068
06a
06c
06f
071
073
076
078
07b
07d
080
083
085
088
08b
08e
091
094
097
09a
09d
0a0
0a3
0a7
0aa
0ad
0b1
0b4
0b8
0bb
0bf
0c3
0c6
0ca
0ce
0d2
0d6
0da
0de
0e3
0e7
0eb
0f0
0f4
0f9
0fd
102
107
10c
111
116
11b
120
125
12a
130
135
13b
140
146
14c
152
158
15e
164
16a
170
176
17d
183
18a
191
197
19e
1a5
1ac
1b3
1bb
1c2
1c9
1d1
1d8
1e0
1e8
1f0
1f8
200
208
210
219
221
22a
232
23b
244
24d
256
25f
269
272
27b
285
28f
298
2a2
2ac
2b6
2c1
2cb
2d5
2e0
2eb
2f5
300
30b
316
321
32d
338
344
34f
35b
367
373
37f
38b
397
3a3
3b0
3bd
3c9
3d6
3e3
3f0
3fd
40a
418
425
433
440
44e
45c
46a
478
486
494
4a3
4b1
4c0
4ce
4dd
4ec
4fb
50a
519
528
538
547
557
566
576
586
596
5a6
5b6
5c6
5d6
5e7
5f7
608
618
629
63a
64b
65c
66d
67e
68f
6a0
6b1
6c3
6d4
6e5
6f7
709
71a
72c
73e
750
762
773
785
798
7aa
7bc
7ce
7e0
7f2
805
817
829
83c
84e
861
873
886
898
8ab
8be
8d0
8e3
8f5
908
91b
92d
940
953
965
978
98a
99d
9b0
9c2
9d5
9e7
9fa
a0c
a1f
a31
a44
a56
a69
a7b
a8d
a9f
ab2
ac4
ad6
ae8
afa
b0c
b1e
b2f
b41
b53
b64
b76
b87
b99
baa
bbb
bcc
bdd
bee
bff
c10
c20
c31
c41
c51
c61
c72
c81
c91
ca1
cb1
cc0
ccf
cde
cee
cfc
d0b
d1a
d28
d37
d45
d53
d61
d6e
d7c
d89
d97
da4
db1
dbd
dca
dd6
de3
def
dfa
e06
e12
e1d
e28
e33
e3e
e48
e52
e5d
e67
e70
e7a
e83
e8c
e95
e9e
ea6
eaf
eb7
ebe
ec6
ecd
ed5
edc
ee2
ee9
eef
ef5
efb
f01
f06
f0b
f10
f15
f19
f1d
f21
f25
f28
f2c
f2f
f31
f34
f36
f38
f3a
f3c
f3d
f3e
f3f
f40
f40
f40
f40
f40
f3f
f3e
f3d
f3c
f3a
f38
f36
f34
f31
f2f
f2c
f28
f25
f21
f1d
f19
f15
f10
f0b
f06
f01
efb
ef5
eef
ee9
ee2
edc
ed5
ecd
ec6
ebe
eb7
eaf
ea6
e9e
e95
e8c
e83
e7a
e70
e67
e5d
e52
e48
e3e
e33
e28
e1d
e12
e06
dfa
def
de3
dd6
dca
dbd
db1
da4
d97
d89
d7c
d6e
d61
d53
d45
d37
d28
d1a
d0b
cfc
cee
cde
ccf
cc0
cb1
ca1
c91
c81
c72
c61
c51
c41
c31
c20
c10
bff
bee
bdd
bcc
bbb
baa
b99
b87
b76
b64
b53
b41
b2f
b1e
b0c
afa
ae8
ad6
ac4
ab2
a9f
a8d
a7b
a69
a56
a44
a31
a1f
a0c
9fa
9e7
9d5
9c2
9b0
99d
98a
978
965
953
940
92d
91b
908
8f5
8e3
8d0
8be
8ab
898
886
873
861
84e
83c
829
817
805
7f2
7e0
7ce
7bc
7aa
798
785
773
762
750
73e
72c
71a
709
6f7
6e5
6d4
6c3
6b1
6a0
68f
67e
66d
65c
64b
63a
629
618
608
5f7
5e7
5d6
5c6
5b6
5a6
596
586
576
566
557
547
538
528
519
50a
4fb
4ec
4dd
4ce
4c0
4b1
4a3
494
486
478
46a
45c
44e
440
433
425
418
40a
3fd
3f0
3e3
3d6
3c9
3bd
3b0
3a3
397
38b
37f
373
367
35b
34f
344
338
32d
321
316
30b
300
2f5
2eb
2e0
2d5
2cb
2c1
2b6
2ac
2a2
298
28f
285
27b
272
269
25f
256
24d
244
23b
232
22a
221
219
210
208
200
1f8
1f0
1e8
1e0
1d8
1d1
1c9
1c2
1bb
1b3
1ac
1a5
19e
197
191
18a
183
17d
176
170
16a
164
15e
158
152
14c
146
140
13b
135
130
12a
125
120
11b
116
111
10c
107
102
0fd
0f9
0f4
0f0
0eb
0e7
0e3
0de
0da
0d6
0d2
0ce
0ca
0c6
0c3
0bf
0bb
0b8
0b4
0b1
0ad
0aa
0a7
0a3
0a0
09d
09a
097
094
091
08e
08b
088
085
083
080
07d
07b
078
076
073
071
06f
06c
06a
068
066
064
062
05f
05d
05b
059
058
056
054
052
050
04e
04d
04b
049
048
046
045
043
042
040
03f
03d
03c
03b
039
038
037
036
034
033
032
031
030
02f
02d
02c
02b
02a
029
028
027
027
026
025
024
023
022
021
021
020
01f
01e
01d
01d
01c
01b
01b
01a
019
019
018
018
017
016
016
015
015
014
014
013
013
012
012
011
011
010
010
010
00f
00f
00e
00e
00e
00d
00d
00d
00c
00c
00c
00b
00b
00b
00a
00a
00a
00a
009
009
009
009
008
008
008
008
008
007
007
007
007
007
006
006
006
006
006
006
005
005
005
005
005
005
005
004
004
004
004
004
004
004
004
003
003
003
003
003
003
003
003
003
003
003
003
002
002
002
002
002
002
002
002
002
002
002
002
002
002
002
002
001
001
001
001
001
001
001
001
001
001
001
001
001
001
001
001
001
001
001
001
001
001
001
001
001
001
001
001
001
001
001
001
001
001
000
000
000
000
000
000
000
000
000
000
000
000
000
000
000
000
000
000
000
000
000
000
000
000
000
000
000
000
000
000
000
000
000
000
000
000
000
000
000
000
000
000
000
000
000
000
000
000
000
000
000
000
000
000
000
000
000
000
000
000
000
000
000
000
000
000
000
000
000
000
000
000
000
000
000
000
000
000
000
000
000
000
000
000
000
000
000
000
000
000
000
000
000
000
000
000
000
000
000
000
000
000
000
000
000
000
000
000
000
000
000
000
000
000
000
000
000
000
000
000
000
000
000
000
000
000
000
000
000
000
000
000
000
000
000
000
000
000
000
000
000
000
000
000
000
000
000
000
000
000
000
000
000
000
000
000
000
000
000
000
000
000
000
000
000
000
000
000
000
000
000
000
000
000
000
000
000
000
000
000
000
000
000
000
000
000
000
000
000
000
000
000
000
000
000
000
000
000
000
000
000
000
000
000
000
000
000
000
000
000
000
000
000
000
000
000
000
000
000
000
000
000
000
000
000
000
000
000
000
000
000
000
000
000
000
000
000
000
000
000
000
000
000
000
000
000
000
000
000
000
000
000
000
000
000
000
000
000
000
000
000
000
000
000
000
000
000
000
000
000
000
000
000
000
000
000
000
000
000
000
000
000
000
000
000
000
000
000
000
000
000
000
000
000
000
000
000
000
000
000
000
000
000
000
000
000
000
000
000
000
000
000
000
000
000
000
000
000
000
000
000
000
000
000
000
000
000
000
000
000
000
000
000
000
000
000
000
000
000
000
000
000
000
000
000
000
000
000
000
000
000
000
000
000
000
000
000
000
000
000
000
000
000
000
000
000
000
000
000
000
000
000
000
000
000
000
000
000
000
000
000
000
000
000
000
000
000
000
000
000
000
000
000
000
000
000
000
000
000
000
000
000
000
000
000
000
000
000
000
000
000
000
000
000
000
000
000
000
000
000
000
000
000
000
000
000
000
000
000
000
000
000
000
000
000
000
000
000
000
000
000
000
000
000
000
000
000
000
000
000
000
000
000
000
000
000
000
000
000
000
000
000
000
000
000
000
000
000
000
000
000
000
000
000
000
000
000
000
000
000
000
000
000
000
000
000
000
000
000
000
000
000
000
000
000
000
000
000
000
000
000
000
000
000
000
000
000
000
000
000
000
000
000
000
000
000
000
000
000
000
000
000
000
000
000
000
000
000
000
000
000
000
000
000
000
000
000
000
000
000
000
000
000
000
000
000
000
000
000
000
000
000
000
000
000
000
000
000
000
000
000
000
000
