0000
0000
0000
0000
0000
0000
0000
0000
0000
0000
0000
0000
0000
0000
0000
0000
0000
0000
0000
0000
0000
0000
0000
0000
0000
0000
0000
0000
0000
0000
0000
0000
0000
0000
0000
0000
0000
0000
0000
0000
0000
0000
0000
0000
0000
0000
0000
0000
0000
0000
0000
0000
0000
0000
0000
0000
0000
0000
0000
0000
0000
0000
0000
0000
0000
0000
0000
0000
0000
0000
0000
0000
0000
0000
0000
0000
0000
0000
0000
0000
0000
0000
0000
0000
0000
0000
0000
0000
0000
0000
0000
0000
0000
0000
0000
0000
0000
0000
0000
0000
0000
0000
0000
0000
0000
0000
0000
0000
0000
0000
0000
0000
0000
0000
0000
0000
0000
0000
0000
0000
0000
0000
0000
0000
0000
0000
0000
0000
0000
0000
0000
0000
0000
0000
0000
0000
0000
0000
0000
0000
0000
0000
0000
0000
0000
0000
0000
0000
0000
0000
0000
0000
0000
0000
0000
0000
0000
0000
0000
0000
0000
0000
0000
0000
0000
0000
0000
0000
0000
0000
0000
0000
0000
0000
0000
0000
0000
0000
0000
0000
0000
0000
0000
0000
0000
0000
0000
0000
0000
0000
0000
0000
0000
0000
0000
0000
0000
0000
0000
0000
0000
0000
0000
0000
0000
0000
0000
0000
0000
0000
0000
0000
0000
0000
0000
0000
0000
0000
0000
0000
0000
0000
0000
0000
0000
0000
0000
0000
0000
0000
0000
0000
0000
0000
0000
0000
0000
0000
0000
0000
0000
0000
0000
0000
0000
0000
0000
0000
0000
0000
0000
0000
0000
0000
0000
0000
0000
0000
0000
0000
0000
0000
0000
0000
0000
0000
0000
0000
0000
0000
0000
0000
0000
0000
0000
0000
0000
0000
0000
0000
0000
0000
0000
0000
0000
0000
0000
0000
0000
0000
0000
0000
0000
0000
0000
0000
0000
0000
0000
0000
0000
0000
0000
0000
0000
0000
0000
0000
0000
0000
0000
0000
0000
0000
0000
0000
0000
0000
0000
0000
0000
0000
0000
0000
0000
0000
0000
0000
0000
0000
0000
0000
0000
0000
0000
0000
0000
0000
0000
0000
0000
0000
0000
0000
0000
0000
0000
0000
0000
0000
0000
0000
0000
0000
0000
0000
0000
0000
0000
0000
0000
0000
0000
0000
0000
0000
0000
0000
0000
0000
0000
0000
0000
0000
0000
0000
0000
0000
0000
0000
0000
0000
0000
0000
0000
0000
0000
0000
0000
0000
0000
0000
0000
0000
0000
0000
0000
0000
0000
0000
0000
0000
0000
0000
0000
0000
0000
0000
0000
0000
0000
0000
0000
0000
0000
0000
0000
0000
0000
0000
0000
0000
0000
0000
0000
0000
0000
0000
0000
0000
0000
0000
0000
0000
0000
0000
0000
0000
0000
0000
0000
0000
0000
0000
0000
0000
0000
0000
0000
0000
0000
0000
0000
0000
0000
0000
0000
0000
0000
0000
0000
0000
0000
0000
0000
0000
0000
0000
0000
0000
0000
0000
0000
0000
0000
0000
0000
0000
0000
0000
0000
0000
0000
0000
0000
0000
0000
0000
0000
0000
0000
0000
0000
0000
0000
0000
0000
0000
0000
0000
0000
0000
0000
0000
0000
0000
0000
0000
0000
0000
0000
0000
0000
0000
0000
0000
0000
0000
0000
0000
0000
0000
0000
0000
0000
0000
0000
0000
0000
0000
0000
0000
0000
0000
0000
0000
0000
0000
0000
0000
0000
0000
0000
0000
0000
0000
0000
0000
0000
0000
0000
0000
0000
0000
0000
0000
0000
0000
0000
0000
0000
0000
0000
0000
0000
0000
0000
0000
0000
0000
0000
0000
0000
0000
0000
0000
0000
0000
0000
0000
0000
0000
0000
0000
0000
0000
0000
0000
0000
0000
0000
0000
0000
0000
0001
0001
0001
0001
0001
0001
0001
0001
0001
0001
0001
0001
0001
0001
0001
0001
0001
0001
0001
0001
0001
0001
0001
0001
0001
0001
0001
0001
0001
0001
0001
0001
0002
0002
0002
0002
0002
0002
0002
0002
0002
0002
0002
0002
0002
0002
0002
0003
0003
0003
0003
0003
0003
0003
0003
0003
0003
0003
0004
0004
0004
0004
0004
0004
0004
0004
0005
0005
0005
0005
0005
0005
0005
0006
0006
0006
0006
0006
0007
0007
0007
0007
0007
0008
0008
0008
0008
0009
0009
0009
0009
000a
000a
000a
000b
000b
000b
000b
000c
000c
000d
000d
000d
000e
000e
000e
000f
000f
0010
0010
0011
0011
0012
0012
0013
0013
0014
0014
0015
0015
0016
0016
0017
0018
0018
0019
001a
001a
001b
001c
001c
001d
001e
001f
0020
0020
0021
0022
0023
0024
0025
0026
0027
0028
0029
002a
002b
002c
002d
002e
002f
0031
0032
0033
0034
0036
0037
0038
003a
003b
003d
003e
0040
0041
0043
0044
0046
0048
004a
004b
004d
004f
0051
0053
0055
0057
0059
005b
005d
005f
0061
0063
0066
0068
006a
006d
006f
0072
0074
0077
007a
007c
007f
0082
0085
0088
008b
008e
0091
0094
0097
009a
009e
00a1
00a5
00a8
00ac
00af
00b3
00b7
00bb
00bf
00c3
00c7
00cb
00cf
00d3
00d7
00dc
00e0
00e5
00e9
00ee
00f3
00f8
00fd
0102
0107
010c
0111
0117
011c
0122
0127
012d
0133
0138
013e
0144
014b
0151
0157
015e
0164
016b
0171
0178
017f
0186
018d
0194
019c
01a3
01ab
01b2
01ba
01c2
01ca
01d2
01da
01e2
01ea
01f3
01fb
0204
020d
0216
021f
0228
0231
023b
0244
024e
0257
0261
026b
0275
027f
028a
0294
029f
02a9
02b4
02bf
02ca
02d5
02e1
02ec
02f8
0303
030f
031b
0327
0333
033f
034c
0358
0365
0372
037f
038c
0399
03a6
03b3
03c1
03cf
03dc
03ea
03f8
0406
0415
0423
0432
0440
044f
045e
046d
047c
048b
049b
04aa
04ba
04c9
04d9
04e9
04f9
050a
051a
052a
053b
054b
055c
056d
057e
058f
05a0
05b2
05c3
05d4
05e6
05f8
060a
061c
062e
0640
0652
0664
0676
0689
069b
06ae
06c1
06d4
06e6
06f9
070c
0720
0733
0746
0759
076d
0780
0794
07a7
07bb
07cf
07e2
07f6
080a
081e
0832
0846
085a
086e
0882
0896
08aa
08bf
08d3
08e7
08fb
0910
0924
0938
094d
0961
0975
098a
099e
09b2
09c7
09db
09ef
0a04
0a18
0a2c
0a40
0a54
0a69
0a7d
0a91
0aa5
0ab9
0acd
0ae1
0af5
0b08
0b1c
0b30
0b43
0b57
0b6a
0b7e
0b91
0ba4
0bb8
0bcb
0bde
0bf0
0c03
0c16
0c28
0c3b
0c4d
0c60
0c72
0c84
0c96
0ca7
0cb9
0cca
0cdc
0ced
0cfe
0d0f
0d20
0d30
0d41
0d51
0d61
0d71
0d81
0d91
0da0
0daf
0dbf
0dce
0ddc
0deb
0df9
0e07
0e15
0e23
0e31
0e3e
0e4b
0e58
0e65
0e71
0e7e
0e8a
0e96
0ea1
0ead
0eb8
0ec3
0ece
0ed8
0ee2
0eec
0ef6
0f00
0f09
0f12
0f1b
0f23
0f2c
0f34
0f3c
0f43
0f4a
0f51
0f58
0f5e
0f65
0f6b
0f70
0f76
0f7b
0f80
0f84
0f89
0f8d
0f90
0f94
0f97
0f9a
0f9d
0f9f
0fa1
0fa3
0fa4
0fa6
0fa7
0fa7
0fa8
0fa8
0fa8
0fa7
0fa7
0fa6
0fa4
0fa3
0fa1
0f9f
0f9d
0f9a
0f97
0f94
0f90
0f8d
0f89
0f84
0f80
0f7b
0f76
0f70
0f6b
0f65
0f5e
0f58
0f51
0f4a
0f43
0f3c
0f34
0f2c
0f23
0f1b
0f12
0f09
0f00
0ef6
0eec
0ee2
0ed8
0ece
0ec3
0eb8
0ead
0ea1
0e96
0e8a
0e7e
0e71
0e65
0e58
0e4b
0e3e
0e31
0e23
0e15
0e07
0df9
0deb
0ddc
0dce
0dbf
0daf
0da0
0d91
0d81
0d71
0d61
0d51
0d41
0d30
0d20
0d0f
0cfe
0ced
0cdc
0cca
0cb9
0ca7
0c96
0c84
0c72
0c60
0c4d
0c3b
0c28
0c16
0c03
0bf0
0bde
0bcb
0bb8
0ba4
0b91
0b7e
0b6a
0b57
0b43
0b30
0b1c
0b08
0af5
0ae1
0acd
0ab9
0aa5
0a91
0a7d
0a69
0a54
0a40
0a2c
0a18
0a04
09ef
09db
09c7
09b2
099e
098a
0975
0961
094d
0938
0924
0910
08fb
08e7
08d3
08bf
08aa
0896
0882
086e
085a
0846
0832
081e
080a
07f6
07e2
07cf
07bb
07a7
0794
0780
076d
0759
0746
0733
0720
070c
06f9
06e6
06d4
06c1
06ae
069b
0689
0676
0664
0652
0640
062e
061c
060a
05f8
05e6
05d4
05c3
05b2
05a0
058f
057e
056d
055c
054b
053b
052a
051a
050a
04f9
04e9
04d9
04c9
04ba
04aa
049b
048b
047c
046d
045e
044f
0440
0432
0423
0415
0406
03f8
03ea
03dc
03cf
03c1
03b3
03a6
0399
038c
037f
0372
0365
0358
034c
033f
0333
0327
031b
030f
0303
02f8
02ec
02e1
02d5
02ca
02bf
02b4
02a9
029f
0294
028a
027f
0275
026b
0261
0257
024e
0244
023b
0231
0228
021f
0216
020d
0204
01fb
01f3
01ea
01e2
01da
01d2
01ca
01c2
01ba
01b2
01ab
01a3
019c
0194
018d
0186
017f
0178
0171
016b
0164
015e
0157
0151
014b
0144
013e
0138
0133
012d
0127
0122
011c
0117
0111
010c
0107
0102
00fd
00f8
00f3
00ee
00e9
00e5
00e0
00dc
00d7
00d3
00cf
00cb
00c7
00c3
00bf
00bb
00b7
00b3
00af
00ac
00a8
00a5
00a1
009e
009a
0097
0094
0091
008e
008b
0088
0085
0082
007f
007c
007a
0077
0074
0072
006f
006d
006a
0068
0066
0063
0061
005f
005d
005b
0059
0057
0055
0053
0051
004f
004d
004b
004a
0048
0046
0044
0043
0041
0040
003e
003d
003b
003a
0038
0037
0036
0034
0033
0032
0031
002f
002e
002d
002c
002b
002a
0029
0028
0027
0026
0025
0024
0023
0022
0021
0020
0020
001f
001e
001d
001c
001c
001b
001a
001a
0019
0018
0018
0017
0016
0016
0015
0015
0014
0014
0013
0013
0012
0012
0011
0011
0010
0010
000f
000f
000e
000e
000e
000d
000d
000d
000c
000c
000b
000b
000b
000b
000a
000a
000a
0009
0009
0009
0009
0008
0008
0008
0008
0007
0007
0007
0007
0007
0006
0006
0006
0006
0006
0005
0005
0005
0005
0005
0005
0005
0004
0004
0004
0004
0004
0004
0004
0004
0003
0003
0003
0003
0003
0003
0003
0003
0003
0003
0003
0002
0002
0002
0002
0002
0002
0002
0002
0002
0002
0002
0002
0002
0002
0002
0001
0001
0001
0001
0001
0001
0001
0001
0001
0001
0001
0001
0001
0001
0001
0001
0001
0001
0001
0001
0001
0001
0001
0001
0001
0001
0001
0001
0001
0001
0001
0001
0000
0000
0000
0000
0000
0000
0000
0000
0000
0000
0000
0000
0000
0000
0000
0000
0000
0000
0000
0000
0000
0000
0000
0000
0000
0000
0000
0000
0000
0000
0000
0000
0000
0000
0000
0000
0000
0000
0000
0000
0000
0000
0000
0000
0000
0000
0000
0000
0000
0000
0000
0000
0000
0000
0000
0000
0000
0000
0000
0000
0000
0000
0000
0000
0000
0000
0000
0000
0000
0000
0000
0000
0000
0000
0000
0000
0000
0000
0000
0000
0000
0000
0000
0000
0000
0000
0000
0000
0000
0000
0000
0000
0000
0000
0000
0000
0000
0000
0000
0000
0000
0000
0000
0000
0000
0000
0000
0000
0000
0000
0000
0000
0000
0000
0000
0000
0000
0000
0000
0000
0000
0000
0000
0000
0000
0000
0000
0000
0000
0000
0000
0000
0000
0000
0000
0000
0000
0000
0000
0000
0000
0000
0000
0000
0000
0000
0000
0000
0000
0000
0000
0000
0000
0000
0000
0000
0000
0000
0000
0000
0000
0000
0000
0000
0000
0000
0000
0000
0000
0000
0000
0000
0000
0000
0000
0000
0000
0000
0000
0000
0000
0000
0000
0000
0000
0000
0000
0000
0000
0000
0000
0000
0000
0000
0000
0000
0000
0000
0000
0000
0000
0000
0000
0000
0000
0000
0000
0000
0000
0000
0000
0000
0000
0000
0000
0000
0000
0000
0000
0000
0000
0000
0000
0000
0000
0000
0000
0000
0000
0000
0000
0000
0000
0000
0000
0000
0000
0000
0000
0000
0000
0000
0000
0000
0000
0000
0000
0000
0000
0000
0000
0000
0000
0000
0000
0000
0000
0000
0000
0000
0000
0000
0000
0000
0000
0000
0000
0000
0000
0000
0000
0000
0000
0000
0000
0000
0000
0000
0000
0000
0000
0000
0000
0000
0000
0000
0000
0000
0000
0000
0000
0000
0000
0000
0000
0000
0000
0000
0000
0000
0000
0000
0000
0000
0000
0000
0000
0000
0000
0000
0000
0000
0000
0000
0000
0000
0000
0000
0000
0000
0000
0000
0000
0000
0000
0000
0000
0000
0000
0000
0000
0000
0000
0000
0000
0000
0000
0000
0000
0000
0000
0000
0000
0000
0000
0000
0000
0000
0000
0000
0000
0000
0000
0000
0000
0000
0000
0000
0000
0000
0000
0000
0000
0000
0000
0000
0000
0000
0000
0000
0000
0000
0000
0000
0000
0000
0000
0000
0000
0000
0000
0000
0000
0000
0000
0000
0000
0000
0000
0000
0000
0000
0000
0000
0000
0000
0000
0000
0000
0000
0000
0000
0000
0000
0000
0000
0000
0000
0000
0000
0000
0000
0000
0000
0000
0000
0000
0000
0000
0000
0000
0000
0000
0000
0000
0000
0000
0000
0000
0000
0000
0000
0000
0000
0000
0000
0000
0000
0000
0000
0000
0000
0000
0000
0000
0000
0000
0000
0000
0000
0000
0000
0000
0000
0000
0000
0000
0000
0000
0000
0000
0000
0000
0000
0000
0000
0000
0000
0000
0000
0000
0000
0000
0000
0000
0000
0000
0000
0000
0000
0000
0000
0000
0000
0000
0000
0000
0000
0000
0000
0000
0000
0000
0000
0000
0000
0000
0000
0000
0000
0000
0000
0000
0000
0000
0000
0000
0000
0000
0000
0000
0000
0000
0000
0000
0000
0000
0000
0000
0000
0000
0000
0000
0000
0000
0000
0000
0000
0000
0000
0000
0000
0000
0000
0000
0000
0000
0000
0000
0000
0000
0000
0000
0000
0000
0000
0000
0000
0000
0000
0000
0000
0000
0000
0000
0000
0000
0000
0000
0000
0000
0000
0000
0000
0000
0000
0000
0000
0000
0000
0000
0000
0000
0000
0000
0000
0000
0000
0000
0000
0000
0000
0000
0000
0000
0000
0000
0000
0000
0000
0000
0000
0000
0000
