0000
0000
0000
0000
0000
0000
0000
0000
0000
0000
0000
0000
0000
0000
0000
0000
0000
0000
0000
0000
0000
0000
0000
0000
0000
0000
0000
0000
0000
0000
0000
0000
0000
0000
0000
0000
0000
0000
0000
0000
0000
0000
0000
0000
0000
0000
0000
0000
0000
0000
0000
0000
0000
0000
0000
0000
0000
0000
0000
0000
0000
0000
0000
0000
0000
0000
0000
0000
0000
0000
0000
0000
0000
0000
0000
0000
0000
0000
0000
0000
0000
0000
0000
0000
0000
0000
0000
0000
0000
0000
0000
0000
0000
0000
0000
0000
0000
0000
0000
0000
0000
0000
0000
0000
0000
0000
0000
0000
0000
0000
0000
0000
0000
0000
0000
0000
0000
0000
0000
0000
0000
0000
0000
0000
0000
0000
0000
0000
0000
0000
0000
0000
0000
0000
0000
0000
0000
0000
0000
0000
0000
0000
0000
0000
0000
0000
0000
0000
0000
0000
0000
0000
0000
0000
0000
0000
0000
0000
0000
0000
0000
0000
0000
0000
0000
0000
0000
0000
0000
0000
0000
0000
0000
0000
0000
0000
0000
0000
0000
0000
0000
0000
0000
0000
0000
0000
0000
0000
0000
0000
0000
0000
0000
0000
0000
0000
0000
0000
0000
0000
0000
0000
0000
0000
0000
0000
0000
0000
0000
0000
0000
0000
0000
0000
0000
0000
0000
0000
0000
0000
0000
0000
0000
0000
0000
0000
0000
0000
0000
0000
0000
0000
0000
0000
0000
0000
0000
0000
0000
0000
0000
0000
0000
0000
0000
0000
0000
0000
0000
0000
0000
0000
0000
0000
0000
0000
0000
0000
0000
0000
0000
0000
0000
0000
0000
0000
0000
0000
0000
0000
0000
0000
0000
0000
0000
0000
0000
0000
0000
0000
0000
0000
0000
0000
0000
0000
0000
0000
0000
0000
0000
0000
0000
0000
0000
0000
0000
0000
0000
0000
0000
0000
0000
0000
0000
0000
0000
0000
0000
0000
0000
0000
0000
0000
0000
0000
0000
0000
0000
0000
0000
0000
0000
0000
0000
0000
0000
0000
0000
0000
0000
0000
0000
0000
0000
0000
0000
0000
0000
0000
0000
0000
0000
0000
0000
0000
0000
0000
0000
0000
0000
0000
0000
0000
0000
0000
0000
0000
0000
0000
0000
0000
0000
0000
0000
0000
0000
0000
0000
0000
0000
0000
0000
0000
0000
0000
0000
0000
0000
0000
0000
0000
0000
0000
0000
0000
0000
0000
0000
0000
0000
0000
0000
0000
0000
0000
0000
0000
0000
0000
0000
0000
0000
0000
0000
0000
0000
0000
0000
0000
0000
0000
0000
0000
0000
0000
0000
0000
0000
0000
0000
0000
0000
0000
0000
0000
0000
0000
0000
0000
0000
0000
0000
0000
0000
0000
0000
0000
0000
0000
0000
0000
0000
0000
0000
0000
0000
0000
0000
0000
0000
0000
0000
0000
0000
0000
0000
0000
0000
0000
0000
0000
0000
0000
0000
0000
0000
0000
0000
0000
0000
0000
0000
0000
0000
0000
0000
0000
0000
0000
0000
0000
0000
0000
0000
0000
0000
0000
0000
0000
0000
0000
0000
0000
0000
0000
0000
0000
0000
0000
0000
0000
0000
0000
0000
0000
0000
0000
0000
0000
0000
0000
0000
0000
0000
0000
0000
0000
0000
0000
0000
0000
0000
0000
0000
0000
0000
0000
0000
0000
0000
0000
0000
0000
0000
0000
0000
0000
0000
0000
0000
0000
0000
0000
0000
0000
0000
0000
0000
0000
0000
0000
0000
0000
0000
0000
0000
0000
0000
0000
0000
0000
0001
0001
0001
0001
0001
0001
0001
0001
0001
0001
0001
0001
0001
0001
0001
0001
0001
0001
0001
0001
0001
0001
0001
0001
0001
0001
0001
0001
0001
0001
0001
0001
0001
0001
0002
0002
0002
0002
0002
0002
0002
0002
0002
0002
0002
0002
0002
0002
0002
0002
0002
0003
0003
0003
0003
0003
0003
0003
0003
0003
0003
0003
0004
0004
0004
0004
0004
0004
0004
0004
0005
0005
0005
0005
0005
0005
0005
0006
0006
0006
0006
0006
0006
0007
0007
0007
0007
0007
0008
0008
0008
0008
0008
0009
0009
0009
0009
000a
000a
000a
000a
000b
000b
000b
000c
000c
000c
000d
000d
000d
000e
000e
000e
000f
000f
0010
0010
0010
0011
0011
0012
0012
0013
0013
0014
0014
0015
0015
0016
0016
0017
0018
0018
0019
0019
001a
001b
001b
001c
001d
001e
001e
001f
0020
0021
0021
0022
0023
0024
0025
0026
0027
0028
0028
0029
002a
002b
002d
002e
002f
0030
0031
0032
0033
0034
0036
0037
0038
003a
003b
003c
003e
003f
0040
0042
0043
0045
0047
0048
004a
004b
004d
004f
0051
0052
0054
0056
0058
005a
005c
005e
0060
0062
0064
0066
0068
006b
006d
006f
0072
0074
0077
0079
007c
007e
0081
0084
0086
0089
008c
008f
0092
0095
0098
009b
009e
00a1
00a4
00a8
00ab
00ae
00b2
00b5
00b9
00bd
00c0
00c4
00c8
00cc
00d0
00d4
00d8
00dc
00e0
00e4
00e9
00ed
00f2
00f6
00fb
00ff
0104
0109
010e
0113
0118
011d
0122
0128
012d
0132
0138
013d
0143
0149
014f
0155
015b
0161
0167
016d
0173
017a
0180
0187
018e
0194
019b
01a2
01a9
01b0
01b8
01bf
01c6
01ce
01d6
01dd
01e5
01ed
01f5
01fd
0205
020e
0216
021e
0227
0230
0239
0241
024a
0254
025d
0266
026f
0279
0283
028c
0296
02a0
02aa
02b4
02bf
02c9
02d3
02de
02e9
02f4
02ff
030a
0315
0320
032b
0337
0342
034e
035a
0366
0372
037e
038a
0397
03a3
03b0
03bc
03c9
03d6
03e3
03f0
03fd
040b
0418
0426
0433
0441
044f
045d
046b
047a
0488
0496
04a5
04b3
04c2
04d1
04e0
04ef
04fe
050e
051d
052c
053c
054c
055b
056b
057b
058b
059b
05ac
05bc
05cc
05dd
05ee
05fe
060f
0620
0631
0642
0653
0664
0676
0687
0698
06aa
06bb
06cd
06df
06f1
0703
0714
0726
0739
074b
075d
076f
0781
0794
07a6
07b9
07cb
07de
07f1
0803
0816
0829
083b
084e
0861
0874
0887
089a
08ad
08c0
08d3
08e6
08f9
090c
091f
0932
0946
0959
096c
097f
0992
09a5
09b8
09cc
09df
09f2
0a05
0a18
0a2b
0a3e
0a51
0a64
0a77
0a8a
0a9d
0ab0
0ac2
0ad5
0ae8
0afb
0b0d
0b20
0b32
0b45
0b57
0b69
0b7c
0b8e
0ba0
0bb2
0bc4
0bd6
0be8
0bf9
0c0b
0c1d
0c2e
0c3f
0c51
0c62
0c73
0c84
0c95
0ca5
0cb6
0cc6
0cd7
0ce7
0cf7
0d07
0d17
0d27
0d36
0d46
0d55
0d64
0d73
0d82
0d91
0d9f
0dae
0dbc
0dca
0dd8
0de6
0df3
0e01
0e0e
0e1b
0e28
0e35
0e41
0e4e
0e5a
0e66
0e72
0e7d
0e89
0e94
0e9f
0eaa
0eb4
0ebf
0ec9
0ed3
0edc
0ee6
0eef
0ef9
0f01
0f0a
0f13
0f1b
0f23
0f2b
0f32
0f3a
0f41
0f48
0f4e
0f55
0f5b
0f61
0f67
0f6c
0f72
0f77
0f7b
0f80
0f84
0f88
0f8c
0f90
0f93
0f96
0f99
0f9c
0f9e
0fa0
0fa2
0fa4
0fa5
0fa6
0fa7
0fa8
0fa8
0fa8
0fa8
0fa8
0fa7
0fa6
0fa5
0fa4
0fa2
0fa0
0f9e
0f9c
0f99
0f96
0f93
0f90
0f8c
0f88
0f84
0f80
0f7b
0f77
0f72
0f6c
0f67
0f61
0f5b
0f55
0f4e
0f48
0f41
0f3a
0f32
0f2b
0f23
0f1b
0f13
0f0a
0f01
0ef9
0eef
0ee6
0edc
0ed3
0ec9
0ebf
0eb4
0eaa
0e9f
0e94
0e89
0e7d
0e72
0e66
0e5a
0e4e
0e41
0e35
0e28
0e1b
0e0e
0e01
0df3
0de6
0dd8
0dca
0dbc
0dae
0d9f
0d91
0d82
0d73
0d64
0d55
0d46
0d36
0d27
0d17
0d07
0cf7
0ce7
0cd7
0cc6
0cb6
0ca5
0c95
0c84
0c73
0c62
0c51
0c3f
0c2e
0c1d
0c0b
0bf9
0be8
0bd6
0bc4
0bb2
0ba0
0b8e
0b7c
0b69
0b57
0b45
0b32
0b20
0b0d
0afb
0ae8
0ad5
0ac2
0ab0
0a9d
0a8a
0a77
0a64
0a51
0a3e
0a2b
0a18
0a05
09f2
09df
09cc
09b8
09a5
0992
097f
096c
0959
0946
0932
091f
090c
08f9
08e6
08d3
08c0
08ad
089a
0887
0874
0861
084e
083b
0829
0816
0803
07f1
07de
07cb
07b9
07a6
0794
0781
076f
075d
074b
0739
0726
0714
0703
06f1
06df
06cd
06bb
06aa
0698
0687
0676
0664
0653
0642
0631
0620
060f
05fe
05ee
05dd
05cc
05bc
05ac
059b
058b
057b
056b
055b
054c
053c
052c
051d
050e
04fe
04ef
04e0
04d1
04c2
04b3
04a5
0496
0488
047a
046b
045d
044f
0441
0433
0426
0418
040b
03fd
03f0
03e3
03d6
03c9
03bc
03b0
03a3
0397
038a
037e
0372
0366
035a
034e
0342
0337
032b
0320
0315
030a
02ff
02f4
02e9
02de
02d3
02c9
02bf
02b4
02aa
02a0
0296
028c
0283
0279
026f
0266
025d
0254
024a
0241
0239
0230
0227
021e
0216
020e
0205
01fd
01f5
01ed
01e5
01dd
01d6
01ce
01c6
01bf
01b8
01b0
01a9
01a2
019b
0194
018e
0187
0180
017a
0173
016d
0167
0161
015b
0155
014f
0149
0143
013d
0138
0132
012d
0128
0122
011d
0118
0113
010e
0109
0104
00ff
00fb
00f6
00f2
00ed
00e9
00e4
00e0
00dc
00d8
00d4
00d0
00cc
00c8
00c4
00c0
00bd
00b9
00b5
00b2
00ae
00ab
00a8
00a4
00a1
009e
009b
0098
0095
0092
008f
008c
0089
0086
0084
0081
007e
007c
0079
0077
0074
0072
006f
006d
006b
0068
0066
0064
0062
0060
005e
005c
005a
0058
0056
0054
0052
0051
004f
004d
004b
004a
0048
0047
0045
0043
0042
0040
003f
003e
003c
003b
003a
0038
0037
0036
0034
0033
0032
0031
0030
002f
002e
002d
002b
002a
0029
0028
0028
0027
0026
0025
0024
0023
0022
0021
0021
0020
001f
001e
001e
001d
001c
001b
001b
001a
0019
0019
0018
0018
0017
0016
0016
0015
0015
0014
0014
0013
0013
0012
0012
0011
0011
0010
0010
0010
000f
000f
000e
000e
000e
000d
000d
000d
000c
000c
000c
000b
000b
000b
000a
000a
000a
000a
0009
0009
0009
0009
0008
0008
0008
0008
0008
0007
0007
0007
0007
0007
0006
0006
0006
0006
0006
0006
0005
0005
0005
0005
0005
0005
0005
0004
0004
0004
0004
0004
0004
0004
0004
0003
0003
0003
0003
0003
0003
0003
0003
0003
0003
0003
0002
0002
0002
0002
0002
0002
0002
0002
0002
0002
0002
0002
0002
0002
0002
0002
0002
0001
0001
0001
0001
0001
0001
0001
0001
0001
0001
0001
0001
0001
0001
0001
0001
0001
0001
0001
0001
0001
0001
0001
0001
0001
0001
0001
0001
0001
0001
0001
0001
0001
0001
0000
0000
0000
0000
0000
0000
0000
0000
0000
0000
0000
0000
0000
0000
0000
0000
0000
0000
0000
0000
0000
0000
0000
0000
0000
0000
0000
0000
0000
0000
0000
0000
0000
0000
0000
0000
0000
0000
0000
0000
0000
0000
0000
0000
0000
0000
0000
0000
0000
0000
0000
0000
0000
0000
0000
0000
0000
0000
0000
0000
0000
0000
0000
0000
0000
0000
0000
0000
0000
0000
0000
0000
0000
0000
0000
0000
0000
0000
0000
0000
0000
0000
0000
0000
0000
0000
0000
0000
0000
0000
0000
0000
0000
0000
0000
0000
0000
0000
0000
0000
0000
0000
0000
0000
0000
0000
0000
0000
0000
0000
0000
0000
0000
0000
0000
0000
0000
0000
0000
0000
0000
0000
0000
0000
0000
0000
0000
0000
0000
0000
0000
0000
0000
0000
0000
0000
0000
0000
0000
0000
0000
0000
0000
0000
0000
0000
0000
0000
0000
0000
0000
0000
0000
0000
0000
0000
0000
0000
0000
0000
0000
0000
0000
0000
0000
0000
0000
0000
0000
0000
0000
0000
0000
0000
0000
0000
0000
0000
0000
0000
0000
0000
0000
0000
0000
0000
0000
0000
0000
0000
0000
0000
0000
0000
0000
0000
0000
0000
0000
0000
0000
0000
0000
0000
0000
0000
0000
0000
0000
0000
0000
0000
0000
0000
0000
0000
0000
0000
0000
0000
0000
0000
0000
0000
0000
0000
0000
0000
0000
0000
0000
0000
0000
0000
0000
0000
0000
0000
0000
0000
0000
0000
0000
0000
0000
0000
0000
0000
0000
0000
0000
0000
0000
0000
0000
0000
0000
0000
0000
0000
0000
0000
0000
0000
0000
0000
0000
0000
0000
0000
0000
0000
0000
0000
0000
0000
0000
0000
0000
0000
0000
0000
0000
0000
0000
0000
0000
0000
0000
0000
0000
0000
0000
0000
0000
0000
0000
0000
0000
0000
0000
0000
0000
0000
0000
0000
0000
0000
0000
0000
0000
0000
0000
0000
0000
0000
0000
0000
0000
0000
0000
0000
0000
0000
0000
0000
0000
0000
0000
0000
0000
0000
0000
0000
0000
0000
0000
0000
0000
0000
0000
0000
0000
0000
0000
0000
0000
0000
0000
0000
0000
0000
0000
0000
0000
0000
0000
0000
0000
0000
0000
0000
0000
0000
0000
0000
0000
0000
0000
0000
0000
0000
0000
0000
0000
0000
0000
0000
0000
0000
0000
0000
0000
0000
0000
0000
0000
0000
0000
0000
0000
0000
0000
0000
0000
0000
0000
0000
0000
0000
0000
0000
0000
0000
0000
0000
0000
0000
0000
0000
0000
0000
0000
0000
0000
0000
0000
0000
0000
0000
0000
0000
0000
0000
0000
0000
0000
0000
0000
0000
0000
0000
0000
0000
0000
0000
0000
0000
0000
0000
0000
0000
0000
0000
0000
0000
0000
0000
0000
0000
0000
0000
0000
0000
0000
0000
0000
0000
0000
0000
0000
0000
0000
0000
0000
0000
0000
0000
0000
0000
0000
0000
0000
0000
0000
0000
0000
0000
0000
0000
0000
0000
0000
0000
0000
0000
0000
0000
0000
0000
0000
0000
0000
0000
0000
0000
0000
0000
0000
0000
0000
0000
0000
0000
0000
0000
0000
0000
0000
0000
0000
0000
0000
0000
0000
0000
0000
0000
0000
0000
0000
0000
0000
0000
0000
0000
0000
0000
0000
0000
0000
0000
0000
0000
0000
0000
0000
0000
0000
0000
0000
0000
0000
0000
0000
0000
0000
0000
0000
0000
0000
0000
0000
0000
0000
0000
0000
0000
0000
0000
0000
0000
