0000
0000
0000
0000
0000
0000
0000
0000
0000
0000
0000
0000
0000
0000
0000
0000
0000
0000
0000
0000
0000
0000
0000
0000
0000
0000
0000
0000
0000
0000
0000
0000
0000
0000
0000
0000
0000
0000
0000
0000
0000
0000
0000
0000
0000
0000
0000
0000
0000
0000
0000
0000
0000
0000
0000
0000
0000
0000
0000
0000
0000
0000
0000
0000
0000
0000
0000
0000
0000
0000
0000
0000
0000
0000
0000
0000
0000
0000
0000
0000
0000
0000
0000
0000
0000
0000
0000
0000
0000
0000
0000
0000
0000
0000
0000
0000
0000
0000
0000
0000
0000
0000
0000
0000
0000
0000
0000
0000
0000
0000
0000
0000
0000
0000
0000
0000
0000
0000
0000
0000
0000
0000
0000
0000
0000
0000
0000
0000
0000
0000
0000
0000
0000
0000
0000
0000
0000
0000
0000
0000
0000
0000
0000
0000
0000
0000
0000
0000
0000
0000
0000
0000
0000
0000
0000
0000
0000
0000
0000
0000
0000
0000
0000
0000
0000
0000
0000
0000
0000
0000
0000
0000
0000
0000
0000
0000
0000
0000
0000
0000
0000
0000
0000
0000
0000
0000
0000
0000
0000
0000
0000
0000
0000
0000
0000
0000
0000
0000
0000
0000
0000
0000
0000
0000
0000
0000
0000
0000
0000
0000
0000
0000
0000
0000
0000
0000
0000
0000
0000
0000
0000
0000
0000
0000
0000
0000
0000
0000
0000
0000
0000
0000
0000
0000
0000
0000
0000
0000
0000
0000
0000
0000
0000
0000
0000
0000
0000
0000
0000
0000
0000
0000
0000
0000
0000
0000
0000
0000
0000
0000
0000
0000
0000
0000
0000
0000
0000
0000
0000
0000
0000
0000
0000
0000
0000
0000
0000
0000
0000
0000
0000
0000
0000
0000
0000
0000
0000
0000
0000
0000
0000
0000
0000
0000
0000
0000
0000
0000
0000
0000
0000
0000
0000
0000
0000
0000
0000
0000
0000
0000
0000
0000
0000
0000
0000
0000
0000
0000
0000
0000
0000
0000
0000
0000
0000
0000
0000
0000
0000
0000
0000
0000
0000
0000
0000
0000
0000
0000
0000
0000
0000
0000
0000
0000
0000
0000
0000
0000
0000
0000
0000
0000
0000
0000
0000
0000
0000
0000
0000
0000
0000
0000
0000
0000
0000
0000
0000
0000
0000
0000
0000
0000
0000
0000
0000
0000
0000
0000
0000
0000
0000
0000
0000
0000
0000
0000
0000
0000
0000
0000
0000
0000
0000
0000
0000
0000
0000
0000
0000
0000
0000
0000
0000
0000
0000
0000
0000
0000
0000
0000
0000
0000
0000
0000
0000
0000
0000
0000
0000
0000
0000
0000
0000
0000
0000
0000
0000
0000
0000
0000
0000
0000
0000
0000
0000
0000
0000
0000
0000
0000
0000
0000
0000
0000
0000
0000
0000
0000
0000
0000
0000
0000
0000
0000
0000
0000
0000
0000
0000
0000
0000
0000
0000
0000
0000
0000
0000
0000
0000
0000
0000
0000
0000
0000
0000
0000
0000
0000
0000
0000
0000
0000
0000
0000
0000
0000
0000
0000
0000
0000
0000
0000
0000
0000
0000
0000
0000
0000
0000
0000
0000
0000
0000
0000
0000
0000
0000
0000
0000
0000
0000
0000
0000
0000
0000
0000
0000
0000
0000
0000
0000
0000
0000
0001
0001
0001
0001
0001
0001
0001
0001
0001
0001
0001
0001
0001
0001
0001
0001
0001
0001
0001
0001
0001
0001
0001
0001
0001
0001
0001
0001
0001
0001
0001
0001
0001
0001
0001
0001
0001
0002
0002
0002
0002
0002
0002
0002
0002
0002
0002
0002
0002
0002
0002
0002
0002
0002
0002
0003
0003
0003
0003
0003
0003
0003
0003
0003
0003
0003
0003
0004
0004
0004
0004
0004
0004
0004
0004
0004
0005
0005
0005
0005
0005
0005
0005
0006
0006
0006
0006
0006
0006
0006
0007
0007
0007
0007
0007
0008
0008
0008
0008
0008
0009
0009
0009
0009
000a
000a
000a
000a
000b
000b
000b
000b
000c
000c
000c
000d
000d
000d
000e
000e
000e
000f
000f
000f
0010
0010
0011
0011
0011
0012
0012
0013
0013
0014
0014
0015
0015
0016
0016
0017
0017
0018
0018
0019
0019
001a
001b
001b
001c
001d
001d
001e
001f
001f
0020
0021
0021
0022
0023
0024
0025
0025
0026
0027
0028
0029
002a
002b
002c
002d
002e
002f
0030
0031
0032
0033
0034
0035
0036
0038
0039
003a
003b
003d
003e
003f
0041
0042
0043
0045
0046
0048
0049
004b
004c
004e
0050
0051
0053
0055
0056
0058
005a
005c
005e
0060
0061
0063
0065
0068
006a
006c
006e
0070
0072
0074
0077
0079
007c
007e
0080
0083
0085
0088
008b
008d
0090
0093
0096
0098
009b
009e
00a1
00a4
00a7
00aa
00ae
00b1
00b4
00b7
00bb
00be
00c2
00c5
00c9
00cc
00d0
00d4
00d8
00db
00df
00e3
00e7
00eb
00f0
00f4
00f8
00fc
0101
0105
010a
010e
0113
0118
011d
0121
0126
012b
0130
0135
013b
0140
0145
014b
0150
0156
015b
0161
0167
016c
0172
0178
017e
0184
018b
0191
0197
019e
01a4
01ab
01b2
01b8
01bf
01c6
01cd
01d4
01db
01e3
01ea
01f1
01f9
0200
0208
0210
0218
0220
0228
0230
0238
0240
0249
0251
025a
0262
026b
0274
027d
0286
028f
0298
02a2
02ab
02b5
02be
02c8
02d2
02db
02e5
02ef
02fa
0304
030e
0319
0323
032e
0339
0343
034e
0359
0364
0370
037b
0386
0392
039d
03a9
03b5
03c1
03cd
03d9
03e5
03f1
03fe
040a
0417
0423
0430
043d
044a
0457
0464
0471
047f
048c
0499
04a7
04b5
04c2
04d0
04de
04ec
04fa
0509
0517
0525
0534
0542
0551
0560
056f
057e
058d
059c
05ab
05ba
05c9
05d9
05e8
05f8
0607
0617
0627
0637
0647
0657
0667
0677
0687
0697
06a8
06b8
06c9
06d9
06ea
06fa
070b
071c
072d
073e
074f
0760
0771
0782
0793
07a4
07b5
07c7
07d8
07e9
07fb
080c
081e
082f
0841
0852
0864
0876
0887
0899
08ab
08bc
08ce
08e0
08f2
0904
0915
0927
0939
094b
095d
096f
0980
0992
09a4
09b6
09c8
09da
09ec
09fd
0a0f
0a21
0a33
0a45
0a56
0a68
0a7a
0a8b
0a9d
0aae
0ac0
0ad2
0ae3
0af4
0b06
0b17
0b29
0b3a
0b4b
0b5c
0b6d
0b7e
0b8f
0ba0
0bb1
0bc2
0bd2
0be3
0bf4
0c04
0c15
0c25
0c35
0c45
0c55
0c65
0c75
0c85
0c95
0ca4
0cb4
0cc3
0cd2
0ce2
0cf1
0d00
0d0f
0d1d
0d2c
0d3a
0d49
0d57
0d65
0d73
0d81
0d8f
0d9c
0daa
0db7
0dc5
0dd2
0ddf
0deb
0df8
0e04
0e11
0e1d
0e29
0e35
0e40
0e4c
0e57
0e63
0e6e
0e79
0e83
0e8e
0e98
0ea2
0eac
0eb6
0ec0
0ec9
0ed3
0edc
0ee5
0eee
0ef6
0eff
0f07
0f0f
0f17
0f1e
0f26
0f2d
0f34
0f3b
0f41
0f48
0f4e
0f54
0f5a
0f60
0f65
0f6a
0f6f
0f74
0f79
0f7d
0f81
0f85
0f89
0f8c
0f90
0f93
0f96
0f98
0f9b
0f9d
0f9f
0fa1
0fa3
0fa4
0fa5
0fa6
0fa7
0fa8
0fa8
0fa8
0fa8
0fa8
0fa7
0fa6
0fa5
0fa4
0fa3
0fa1
0f9f
0f9d
0f9b
0f98
0f96
0f93
0f90
0f8c
0f89
0f85
0f81
0f7d
0f79
0f74
0f6f
0f6a
0f65
0f60
0f5a
0f54
0f4e
0f48
0f41
0f3b
0f34
0f2d
0f26
0f1e
0f17
0f0f
0f07
0eff
0ef6
0eee
0ee5
0edc
0ed3
0ec9
0ec0
0eb6
0eac
0ea2
0e98
0e8e
0e83
0e79
0e6e
0e63
0e57
0e4c
0e40
0e35
0e29
0e1d
0e11
0e04
0df8
0deb
0ddf
0dd2
0dc5
0db7
0daa
0d9c
0d8f
0d81
0d73
0d65
0d57
0d49
0d3a
0d2c
0d1d
0d0f
0d00
0cf1
0ce2
0cd2
0cc3
0cb4
0ca4
0c95
0c85
0c75
0c65
0c55
0c45
0c35
0c25
0c15
0c04
0bf4
0be3
0bd2
0bc2
0bb1
0ba0
0b8f
0b7e
0b6d
0b5c
0b4b
0b3a
0b29
0b17
0b06
0af4
0ae3
0ad2
0ac0
0aae
0a9d
0a8b
0a7a
0a68
0a56
0a45
0a33
0a21
0a0f
09fd
09ec
09da
09c8
09b6
09a4
0992
0980
096f
095d
094b
0939
0927
0915
0904
08f2
08e0
08ce
08bc
08ab
0899
0887
0876
0864
0852
0841
082f
081e
080c
07fb
07e9
07d8
07c7
07b5
07a4
0793
0782
0771
0760
074f
073e
072d
071c
070b
06fa
06ea
06d9
06c9
06b8
06a8
0697
0687
0677
0667
0657
0647
0637
0627
0617
0607
05f8
05e8
05d9
05c9
05ba
05ab
059c
058d
057e
056f
0560
0551
0542
0534
0525
0517
0509
04fa
04ec
04de
04d0
04c2
04b5
04a7
0499
048c
047f
0471
0464
0457
044a
043d
0430
0423
0417
040a
03fe
03f1
03e5
03d9
03cd
03c1
03b5
03a9
039d
0392
0386
037b
0370
0364
0359
034e
0343
0339
032e
0323
0319
030e
0304
02fa
02ef
02e5
02db
02d2
02c8
02be
02b5
02ab
02a2
0298
028f
0286
027d
0274
026b
0262
025a
0251
0249
0240
0238
0230
0228
0220
0218
0210
0208
0200
01f9
01f1
01ea
01e3
01db
01d4
01cd
01c6
01bf
01b8
01b2
01ab
01a4
019e
0197
0191
018b
0184
017e
0178
0172
016c
0167
0161
015b
0156
0150
014b
0145
0140
013b
0135
0130
012b
0126
0121
011d
0118
0113
010e
010a
0105
0101
00fc
00f8
00f4
00f0
00eb
00e7
00e3
00df
00db
00d8
00d4
00d0
00cc
00c9
00c5
00c2
00be
00bb
00b7
00b4
00b1
00ae
00aa
00a7
00a4
00a1
009e
009b
0098
0096
0093
0090
008d
008b
0088
0085
0083
0080
007e
007c
0079
0077
0074
0072
0070
006e
006c
006a
0068
0065
0063
0061
0060
005e
005c
005a
0058
0056
0055
0053
0051
0050
004e
004c
004b
0049
0048
0046
0045
0043
0042
0041
003f
003e
003d
003b
003a
0039
0038
0036
0035
0034
0033
0032
0031
0030
002f
002e
002d
002c
002b
002a
0029
0028
0027
0026
0025
0025
0024
0023
0022
0021
0021
0020
001f
001f
001e
001d
001d
001c
001b
001b
001a
0019
0019
0018
0018
0017
0017
0016
0016
0015
0015
0014
0014
0013
0013
0012
0012
0011
0011
0011
0010
0010
000f
000f
000f
000e
000e
000e
000d
000d
000d
000c
000c
000c
000b
000b
000b
000b
000a
000a
000a
000a
0009
0009
0009
0009
0008
0008
0008
0008
0008
0007
0007
0007
0007
0007
0006
0006
0006
0006
0006
0006
0006
0005
0005
0005
0005
0005
0005
0005
0004
0004
0004
0004
0004
0004
0004
0004
0004
0003
0003
0003
0003
0003
0003
0003
0003
0003
0003
0003
0003
0002
0002
0002
0002
0002
0002
0002
0002
0002
0002
0002
0002
0002
0002
0002
0002
0002
0002
0001
0001
0001
0001
0001
0001
0001
0001
0001
0001
0001
0001
0001
0001
0001
0001
0001
0001
0001
0001
0001
0001
0001
0001
0001
0001
0001
0001
0001
0001
0001
0001
0001
0001
0001
0001
0001
0000
0000
0000
0000
0000
0000
0000
0000
0000
0000
0000
0000
0000
0000
0000
0000
0000
0000
0000
0000
0000
0000
0000
0000
0000
0000
0000
0000
0000
0000
0000
0000
0000
0000
0000
0000
0000
0000
0000
0000
0000
0000
0000
0000
0000
0000
0000
0000
0000
0000
0000
0000
0000
0000
0000
0000
0000
0000
0000
0000
0000
0000
0000
0000
0000
0000
0000
0000
0000
0000
0000
0000
0000
0000
0000
0000
0000
0000
0000
0000
0000
0000
0000
0000
0000
0000
0000
0000
0000
0000
0000
0000
0000
0000
0000
0000
0000
0000
0000
0000
0000
0000
0000
0000
0000
0000
0000
0000
0000
0000
0000
0000
0000
0000
0000
0000
0000
0000
0000
0000
0000
0000
0000
0000
0000
0000
0000
0000
0000
0000
0000
0000
0000
0000
0000
0000
0000
0000
0000
0000
0000
0000
0000
0000
0000
0000
0000
0000
0000
0000
0000
0000
0000
0000
0000
0000
0000
0000
0000
0000
0000
0000
0000
0000
0000
0000
0000
0000
0000
0000
0000
0000
0000
0000
0000
0000
0000
0000
0000
0000
0000
0000
0000
0000
0000
0000
0000
0000
0000
0000
0000
0000
0000
0000
0000
0000
0000
0000
0000
0000
0000
0000
0000
0000
0000
0000
0000
0000
0000
0000
0000
0000
0000
0000
0000
0000
0000
0000
0000
0000
0000
0000
0000
0000
0000
0000
0000
0000
0000
0000
0000
0000
0000
0000
0000
0000
0000
0000
0000
0000
0000
0000
0000
0000
0000
0000
0000
0000
0000
0000
0000
0000
0000
0000
0000
0000
0000
0000
0000
0000
0000
0000
0000
0000
0000
0000
0000
0000
0000
0000
0000
0000
0000
0000
0000
0000
0000
0000
0000
0000
0000
0000
0000
0000
0000
0000
0000
0000
0000
0000
0000
0000
0000
0000
0000
0000
0000
0000
0000
0000
0000
0000
0000
0000
0000
0000
0000
0000
0000
0000
0000
0000
0000
0000
0000
0000
0000
0000
0000
0000
0000
0000
0000
0000
0000
0000
0000
0000
0000
0000
0000
0000
0000
0000
0000
0000
0000
0000
0000
0000
0000
0000
0000
0000
0000
0000
0000
0000
0000
0000
0000
0000
0000
0000
0000
0000
0000
0000
0000
0000
0000
0000
0000
0000
0000
0000
0000
0000
0000
0000
0000
0000
0000
0000
0000
0000
0000
0000
0000
0000
0000
0000
0000
0000
0000
0000
0000
0000
0000
0000
0000
0000
0000
0000
0000
0000
0000
0000
0000
0000
0000
0000
0000
0000
0000
0000
0000
0000
0000
0000
0000
0000
0000
0000
0000
0000
0000
0000
0000
0000
0000
0000
0000
0000
0000
0000
0000
0000
0000
0000
0000
0000
0000
0000
0000
0000
0000
0000
0000
0000
0000
0000
0000
0000
0000
0000
0000
0000
0000
0000
0000
0000
0000
0000
0000
0000
0000
0000
0000
0000
0000
0000
0000
0000
0000
0000
0000
0000
0000
0000
0000
0000
0000
0000
0000
0000
0000
0000
0000
0000
0000
0000
0000
0000
0000
0000
0000
0000
0000
0000
0000
0000
0000
0000
0000
0000
0000
0000
0000
0000
0000
0000
0000
0000
0000
0000
0000
0000
0000
0000
0000
0000
0000
0000
0000
0000
0000
0000
0000
0000
0000
0000
0000
