0000
0000
0000
0000
0000
0000
0000
0000
0000
0000
0000
0000
0000
0000
0000
0000
0000
0000
0000
0000
0000
0000
0000
0000
0000
0000
0000
0000
0000
0000
0000
0000
0000
0000
0000
0000
0000
0000
0000
0000
0000
0000
0000
0000
0000
0000
0000
0000
0000
0000
0000
0000
0000
0000
0000
0000
0000
0000
0000
0000
0000
0000
0000
0000
0000
0000
0000
0000
0000
0000
0000
0000
0000
0000
0000
0000
0000
0000
0000
0000
0000
0000
0000
0000
0000
0000
0000
0000
0000
0000
0000
0000
0000
0000
0000
0000
0000
0000
0000
0000
0000
0000
0000
0000
0000
0000
0000
0000
0000
0000
0000
0000
0000
0000
0000
0000
0000
0000
0000
0000
0000
0000
0000
0000
0000
0000
0000
0000
0000
0000
0000
0000
0000
0000
0000
0000
0000
0000
0000
0000
0000
0000
0000
0000
0000
0000
0000
0000
0000
0000
0000
0000
0000
0000
0000
0000
0000
0000
0000
0000
0000
0000
0000
0000
0000
0000
0000
0000
0000
0000
0000
0000
0000
0000
0000
0000
0000
0000
0000
0000
0000
0000
0000
0000
0000
0000
0000
0000
0000
0000
0000
0000
0000
0000
0000
0000
0000
0000
0000
0000
0000
0000
0000
0000
0000
0000
0000
0000
0000
0000
0000
0000
0000
0000
0000
0000
0000
0000
0000
0000
0000
0000
0000
0000
0000
0000
0000
0000
0000
0000
0000
0000
0000
0000
0000
0000
0000
0000
0000
0000
0000
0000
0000
0000
0000
0000
0000
0000
0000
0000
0000
0000
0000
0000
0000
0000
0000
0000
0000
0000
0000
0000
0000
0000
0000
0000
0000
0000
0000
0000
0000
0000
0000
0000
0000
0000
0000
0000
0000
0000
0000
0000
0000
0000
0000
0000
0000
0000
0000
0000
0000
0000
0000
0000
0000
0000
0000
0000
0000
0000
0000
0000
0000
0000
0000
0000
0000
0000
0000
0000
0000
0000
0000
0000
0000
0000
0000
0000
0000
0000
0000
0000
0000
0000
0000
0000
0000
0000
0000
0000
0000
0000
0000
0000
0000
0000
0000
0000
0000
0000
0000
0000
0000
0000
0000
0000
0000
0000
0000
0000
0000
0000
0000
0000
0000
0000
0000
0000
0000
0000
0000
0000
0000
0000
0000
0000
0000
0000
0000
0000
0000
0000
0000
0000
0000
0000
0000
0000
0000
0000
0000
0000
0000
0000
0000
0000
0000
0000
0000
0000
0000
0000
0000
0000
0000
0000
0000
0000
0000
0000
0000
0000
0000
0000
0000
0000
0000
0000
0000
0000
0000
0000
0000
0000
0000
0000
0000
0000
0000
0000
0000
0000
0000
0000
0000
0000
0000
0000
0000
0000
0000
0000
0000
0000
0000
0000
0000
0000
0000
0000
0000
0000
0000
0000
0000
0000
0000
0000
0000
0000
0000
0000
0000
0000
0000
0000
0000
0000
0000
0000
0000
0000
0000
0000
0000
0000
0000
0000
0000
0000
0000
0000
0000
0000
0000
0000
0000
0000
0000
0000
0000
0000
0000
0000
0000
0000
0000
0000
0000
0000
0000
0000
0000
0000
0000
0000
0000
0000
0000
0000
0000
0000
0000
0000
0000
0000
0000
0000
0000
0000
0000
0000
0000
0000
0000
0000
0000
0000
0000
0000
0000
0000
0000
0000
0000
0000
0000
0000
0000
0000
0000
0000
0000
0000
0000
0000
0000
0000
0000
0000
0000
0000
0000
0000
0000
0000
0000
0000
0000
0000
0000
0000
0000
0000
0000
0000
0000
0000
0000
0000
0000
0000
0000
0000
0000
0000
0000
0000
0000
0000
0000
0000
0000
0000
0000
0000
0000
0000
0000
0000
0000
0000
0000
0000
0000
0000
0000
0000
0000
0000
0000
0000
0000
0000
0000
0000
0000
0000
0000
0000
0000
0000
0000
0000
0000
0000
0000
0000
0000
0000
0000
0000
0000
0000
0000
0000
0000
0000
0000
0000
0000
0000
0000
0000
0000
0000
0000
0000
0000
0000
0000
0000
0000
0000
0000
0000
0000
0000
0000
0000
0000
0000
0000
0000
0000
0000
0000
0000
0000
0001
0001
0001
0001
0001
0001
0001
0001
0001
0001
0001
0001
0001
0001
0001
0001
0001
0001
0001
0001
0001
0001
0001
0001
0001
0001
0001
0001
0002
0002
0002
0002
0002
0002
0002
0002
0002
0002
0002
0002
0002
0002
0003
0003
0003
0003
0003
0003
0003
0003
0003
0004
0004
0004
0004
0004
0004
0004
0004
0005
0005
0005
0005
0005
0006
0006
0006
0006
0006
0007
0007
0007
0007
0007
0008
0008
0008
0009
0009
0009
0009
000a
000a
000a
000b
000b
000b
000c
000c
000d
000d
000d
000e
000e
000f
000f
0010
0010
0011
0011
0012
0012
0013
0013
0014
0015
0015
0016
0017
0017
0018
0019
001a
001a
001b
001c
001d
001e
001e
001f
0020
0021
0022
0023
0024
0025
0026
0028
0029
002a
002b
002c
002e
002f
0030
0032
0033
0034
0036
0037
0039
003a
003c
003e
003f
0041
0043
0045
0047
0048
004a
004c
004e
0051
0053
0055
0057
0059
005c
005e
0061
0063
0066
0068
006b
006e
0070
0073
0076
0079
007c
007f
0082
0086
0089
008c
0090
0093
0097
009b
009e
00a2
00a6
00aa
00ae
00b2
00b6
00bb
00bf
00c4
00c8
00cd
00d1
00d6
00db
00e0
00e5
00ea
00f0
00f5
00fb
0100
0106
010c
0112
0118
011e
0124
012a
0131
0137
013e
0145
014c
0153
015a
0161
0168
0170
0177
017f
0187
018f
0197
019f
01a8
01b0
01b9
01c1
01ca
01d3
01dc
01e6
01ef
01f9
0202
020c
0216
0220
022b
0235
0240
024a
0255
0260
026b
0277
0282
028e
029a
02a5
02b2
02be
02ca
02d7
02e3
02f0
02fd
030a
0318
0325
0333
0340
034e
035c
036b
0379
0388
0396
03a5
03b4
03c3
03d3
03e2
03f2
0402
0412
0422
0432
0442
0453
0464
0475
0486
0497
04a8
04ba
04cb
04dd
04ef
0501
0513
0526
0538
054b
055e
0571
0584
0597
05aa
05be
05d1
05e5
05f9
060d
0621
0635
0649
065e
0672
0687
069c
06b1
06c6
06db
06f0
0705
071b
0730
0746
075c
0771
0787
079d
07b3
07c9
07df
07f6
080c
0822
0839
084f
0865
087c
0893
08a9
08c0
08d6
08ed
0904
091b
0931
0948
095f
0976
098d
09a3
09ba
09d1
09e8
09ff
0a15
0a2c
0a43
0a59
0a70
0a86
0a9d
0ab3
0aca
0ae0
0af6
0b0d
0b23
0b39
0b4f
0b65
0b7a
0b90
0ba6
0bbb
0bd0
0be6
0bfb
0c10
0c25
0c39
0c4e
0c62
0c77
0c8b
0c9f
0cb2
0cc6
0cda
0ced
0d00
0d13
0d26
0d38
0d4b
0d5d
0d6f
0d81
0d92
0da3
0db5
0dc5
0dd6
0de6
0df7
0e07
0e16
0e26
0e35
0e44
0e52
0e61
0e6f
0e7d
0e8a
0e98
0ea5
0eb1
0ebe
0eca
0ed6
0ee1
0eec
0ef7
0f02
0f0c
0f16
0f20
0f29
0f33
0f3b
0f44
0f4c
0f54
0f5b
0f62
0f69
0f6f
0f75
0f7b
0f81
0f86
0f8a
0f8f
0f93
0f96
0f9a
0f9d
0f9f
0fa2
0fa4
0fa5
0fa6
0fa7
0fa8
0fa8
0fa8
0fa7
0fa6
0fa5
0fa4
0fa2
0f9f
0f9d
0f9a
0f96
0f93
0f8f
0f8a
0f86
0f81
0f7b
0f75
0f6f
0f69
0f62
0f5b
0f54
0f4c
0f44
0f3b
0f33
0f29
0f20
0f16
0f0c
0f02
0ef7
0eec
0ee1
0ed6
0eca
0ebe
0eb1
0ea5
0e98
0e8a
0e7d
0e6f
0e61
0e52
0e44
0e35
0e26
0e16
0e07
0df7
0de6
0dd6
0dc5
0db5
0da3
0d92
0d81
0d6f
0d5d
0d4b
0d38
0d26
0d13
0d00
0ced
0cda
0cc6
0cb2
0c9f
0c8b
0c77
0c62
0c4e
0c39
0c25
0c10
0bfb
0be6
0bd0
0bbb
0ba6
0b90
0b7a
0b65
0b4f
0b39
0b23
0b0d
0af6
0ae0
0aca
0ab3
0a9d
0a86
0a70
0a59
0a43
0a2c
0a15
09ff
09e8
09d1
09ba
09a3
098d
0976
095f
0948
0931
091b
0904
08ed
08d6
08c0
08a9
0893
087c
0865
084f
0839
0822
080c
07f6
07df
07c9
07b3
079d
0787
0771
075c
0746
0730
071b
0705
06f0
06db
06c6
06b1
069c
0687
0672
065e
0649
0635
0621
060d
05f9
05e5
05d1
05be
05aa
0597
0584
0571
055e
054b
0538
0526
0513
0501
04ef
04dd
04cb
04ba
04a8
0497
0486
0475
0464
0453
0442
0432
0422
0412
0402
03f2
03e2
03d3
03c3
03b4
03a5
0396
0388
0379
036b
035c
034e
0340
0333
0325
0318
030a
02fd
02f0
02e3
02d7
02ca
02be
02b2
02a5
029a
028e
0282
0277
026b
0260
0255
024a
0240
0235
022b
0220
0216
020c
0202
01f9
01ef
01e6
01dc
01d3
01ca
01c1
01b9
01b0
01a8
019f
0197
018f
0187
017f
0177
0170
0168
0161
015a
0153
014c
0145
013e
0137
0131
012a
0124
011e
0118
0112
010c
0106
0100
00fb
00f5
00f0
00ea
00e5
00e0
00db
00d6
00d1
00cd
00c8
00c4
00bf
00bb
00b6
00b2
00ae
00aa
00a6
00a2
009e
009b
0097
0093
0090
008c
0089
0086
0082
007f
007c
0079
0076
0073
0070
006e
006b
0068
0066
0063
0061
005e
005c
0059
0057
0055
0053
0051
004e
004c
004a
0048
0047
0045
0043
0041
003f
003e
003c
003a
0039
0037
0036
0034
0033
0032
0030
002f
002e
002c
002b
002a
0029
0028
0026
0025
0024
0023
0022
0021
0020
001f
001e
001e
001d
001c
001b
001a
001a
0019
0018
0017
0017
0016
0015
0015
0014
0013
0013
0012
0012
0011
0011
0010
0010
000f
000f
000e
000e
000d
000d
000d
000c
000c
000b
000b
000b
000a
000a
000a
0009
0009
0009
0009
0008
0008
0008
0007
0007
0007
0007
0007
0006
0006
0006
0006
0006
0005
0005
0005
0005
0005
0004
0004
0004
0004
0004
0004
0004
0004
0003
0003
0003
0003
0003
0003
0003
0003
0003
0002
0002
0002
0002
0002
0002
0002
0002
0002
0002
0002
0002
0002
0002
0001
0001
0001
0001
0001
0001
0001
0001
0001
0001
0001
0001
0001
0001
0001
0001
0001
0001
0001
0001
0001
0001
0001
0001
0001
0001
0001
0001
0000
0000
0000
0000
0000
0000
0000
0000
0000
0000
0000
0000
0000
0000
0000
0000
0000
0000
0000
0000
0000
0000
0000
0000
0000
0000
0000
0000
0000
0000
0000
0000
0000
0000
0000
0000
0000
0000
0000
0000
0000
0000
0000
0000
0000
0000
0000
0000
0000
0000
0000
0000
0000
0000
0000
0000
0000
0000
0000
0000
0000
0000
0000
0000
0000
0000
0000
0000
0000
0000
0000
0000
0000
0000
0000
0000
0000
0000
0000
0000
0000
0000
0000
0000
0000
0000
0000
0000
0000
0000
0000
0000
0000
0000
0000
0000
0000
0000
0000
0000
0000
0000
0000
0000
0000
0000
0000
0000
0000
0000
0000
0000
0000
0000
0000
0000
0000
0000
0000
0000
0000
0000
0000
0000
0000
0000
0000
0000
0000
0000
0000
0000
0000
0000
0000
0000
0000
0000
0000
0000
0000
0000
0000
0000
0000
0000
0000
0000
0000
0000
0000
0000
0000
0000
0000
0000
0000
0000
0000
0000
0000
0000
0000
0000
0000
0000
0000
0000
0000
0000
0000
0000
0000
0000
0000
0000
0000
0000
0000
0000
0000
0000
0000
0000
0000
0000
0000
0000
0000
0000
0000
0000
0000
0000
0000
0000
0000
0000
0000
0000
0000
0000
0000
0000
0000
0000
0000
0000
0000
0000
0000
0000
0000
0000
0000
0000
0000
0000
0000
0000
0000
0000
0000
0000
0000
0000
0000
0000
0000
0000
0000
0000
0000
0000
0000
0000
0000
0000
0000
0000
0000
0000
0000
0000
0000
0000
0000
0000
0000
0000
0000
0000
0000
0000
0000
0000
0000
0000
0000
0000
0000
0000
0000
0000
0000
0000
0000
0000
0000
0000
0000
0000
0000
0000
0000
0000
0000
0000
0000
0000
0000
0000
0000
0000
0000
0000
0000
0000
0000
0000
0000
0000
0000
0000
0000
0000
0000
0000
0000
0000
0000
0000
0000
0000
0000
0000
0000
0000
0000
0000
0000
0000
0000
0000
0000
0000
0000
0000
0000
0000
0000
0000
0000
0000
0000
0000
0000
0000
0000
0000
0000
0000
0000
0000
0000
0000
0000
0000
0000
0000
0000
0000
0000
0000
0000
0000
0000
0000
0000
0000
0000
0000
0000
0000
0000
0000
0000
0000
0000
0000
0000
0000
0000
0000
0000
0000
0000
0000
0000
0000
0000
0000
0000
0000
0000
0000
0000
0000
0000
0000
0000
0000
0000
0000
0000
0000
0000
0000
0000
0000
0000
0000
0000
0000
0000
0000
0000
0000
0000
0000
0000
0000
0000
0000
0000
0000
0000
0000
0000
0000
0000
0000
0000
0000
0000
0000
0000
0000
0000
0000
0000
0000
0000
0000
0000
0000
0000
0000
0000
0000
0000
0000
0000
0000
0000
0000
0000
0000
0000
0000
0000
0000
0000
0000
0000
0000
0000
0000
0000
0000
0000
0000
0000
0000
0000
0000
0000
0000
0000
0000
0000
0000
0000
0000
0000
0000
0000
0000
0000
0000
0000
0000
0000
0000
0000
0000
0000
0000
0000
0000
0000
0000
0000
0000
0000
0000
0000
0000
0000
0000
0000
0000
0000
0000
0000
0000
0000
0000
0000
0000
0000
0000
0000
0000
0000
0000
0000
0000
0000
0000
0000
0000
0000
0000
0000
0000
0000
0000
0000
0000
0000
0000
0000
0000
0000
0000
0000
0000
0000
0000
0000
0000
0000
0000
0000
0000
0000
0000
0000
0000
0000
0000
0000
0000
0000
0000
0000
0000
0000
0000
0000
0000
0000
0000
0000
0000
0000
0000
0000
0000
0000
0000
0000
0000
0000
0000
0000
0000
0000
0000
0000
0000
0000
0000
0000
0000
0000
0000
0000
0000
0000
0000
0000
0000
0000
0000
0000
0000
0000
0000
0000
0000
0000
0000
0000
0000
0000
0000
0000
0000
0000
0000
0000
0000
0000
0000
0000
0000
0000
0000
0000
0000
0000
0000
0000
0000
0000
0000
0000
0000
0000
0000
0000
0000
0000
0000
0000
0000
0000
0000
0000
0000
0000
0000
0000
0000
0000
0000
0000
0000
0000
0000
0000
0000
0000
0000
0000
0000
0000
