0000
0000
0000
0000
0000
0000
0000
0000
0000
0000
0000
0000
0000
0000
0000
0000
0000
0000
0000
0000
0000
0000
0000
0000
0000
0000
0000
0000
0000
0000
0000
0000
0000
0000
0000
0000
0000
0000
0000
0000
0000
0000
0000
0000
0000
0000
0000
0000
0000
0000
0000
0000
0000
0000
0000
0000
0000
0000
0000
0000
0000
0000
0000
0000
0000
0000
0000
0000
0000
0000
0000
0000
0000
0000
0000
0000
0000
0000
0000
0000
0000
0000
0000
0000
0000
0000
0000
0000
0000
0000
0000
0000
0000
0000
0000
0000
0000
0000
0000
0000
0000
0000
0000
0000
0000
0000
0000
0000
0000
0000
0000
0000
0000
0000
0000
0000
0000
0000
0000
0000
0000
0000
0000
0000
0000
0000
0000
0000
0000
0000
0000
0000
0000
0000
0000
0000
0000
0000
0000
0000
0000
0000
0000
0000
0000
0000
0000
0000
0000
0000
0000
0000
0000
0000
0000
0000
0000
0000
0000
0000
0000
0000
0000
0000
0000
0000
0000
0000
0000
0000
0000
0000
0000
0000
0000
0000
0000
0000
0000
0000
0000
0000
0000
0000
0000
0000
0000
0000
0000
0000
0000
0000
0000
0000
0000
0000
0000
0000
0000
0000
0000
0000
0000
0000
0000
0000
0000
0000
0000
0000
0000
0000
0000
0000
0000
0000
0000
0000
0000
0000
0000
0000
0000
0000
0000
0000
0000
0000
0000
0000
0000
0000
0000
0000
0000
0000
0000
0000
0000
0000
0000
0000
0000
0000
0000
0000
0000
0000
0000
0000
0000
0000
0000
0000
0000
0000
0000
0000
0000
0000
0000
0000
0000
0000
0000
0000
0000
0000
0000
0000
0000
0000
0000
0000
0000
0000
0000
0000
0000
0000
0000
0000
0000
0000
0000
0000
0000
0000
0000
0000
0000
0000
0000
0000
0000
0000
0000
0000
0000
0000
0000
0000
0000
0000
0000
0000
0000
0000
0000
0000
0000
0000
0000
0000
0000
0000
0000
0000
0000
0000
0000
0000
0000
0000
0000
0000
0000
0000
0000
0000
0000
0000
0000
0000
0000
0000
0000
0000
0000
0000
0000
0000
0000
0000
0000
0000
0000
0000
0000
0000
0000
0000
0000
0000
0000
0000
0000
0000
0000
0000
0000
0000
0000
0000
0000
0000
0000
0000
0000
0000
0000
0000
0000
0000
0000
0000
0000
0000
0000
0000
0000
0000
0000
0000
0000
0000
0000
0000
0000
0000
0000
0000
0000
0000
0000
0000
0000
0000
0000
0000
0000
0000
0000
0000
0000
0000
0000
0000
0000
0000
0000
0000
0000
0000
0000
0000
0000
0000
0000
0000
0000
0000
0000
0000
0000
0000
0000
0000
0000
0000
0000
0000
0000
0000
0000
0000
0000
0000
0000
0000
0000
0000
0000
0000
0000
0000
0000
0000
0000
0000
0000
0000
0000
0000
0000
0000
0000
0000
0000
0000
0000
0000
0000
0000
0000
0000
0000
0000
0000
0000
0000
0000
0000
0000
0000
0000
0000
0000
0000
0000
0000
0000
0000
0000
0000
0000
0000
0000
0001
0001
0001
0001
0001
0001
0001
0001
0001
0001
0001
0001
0001
0001
0001
0001
0001
0001
0001
0001
0001
0001
0001
0001
0001
0001
0001
0001
0001
0001
0001
0001
0001
0001
0001
0001
0001
0001
0001
0002
0002
0002
0002
0002
0002
0002
0002
0002
0002
0002
0002
0002
0002
0002
0002
0002
0002
0002
0003
0003
0003
0003
0003
0003
0003
0003
0003
0003
0003
0003
0003
0004
0004
0004
0004
0004
0004
0004
0004
0004
0004
0005
0005
0005
0005
0005
0005
0005
0006
0006
0006
0006
0006
0006
0006
0007
0007
0007
0007
0007
0007
0008
0008
0008
0008
0008
0009
0009
0009
0009
0009
000a
000a
000a
000a
000b
000b
000b
000b
000c
000c
000c
000d
000d
000d
000e
000e
000e
000e
000f
000f
0010
0010
0010
0011
0011
0011
0012
0012
0013
0013
0014
0014
0014
0015
0015
0016
0016
0017
0017
0018
0018
0019
001a
001a
001b
001b
001c
001c
001d
001e
001e
001f
0020
0020
0021
0022
0023
0023
0024
0025
0026
0026
0027
0028
0029
002a
002b
002c
002d
002d
002e
002f
0030
0031
0032
0033
0035
0036
0037
0038
0039
003a
003b
003d
003e
003f
0040
0042
0043
0044
0046
0047
0048
004a
004b
004d
004e
0050
0051
0053
0055
0056
0058
005a
005b
005d
005f
0061
0062
0064
0066
0068
006a
006c
006e
0070
0072
0074
0077
0079
007b
007d
0080
0082
0084
0087
0089
008c
008e
0091
0093
0096
0099
009b
009e
00a1
00a4
00a7
00aa
00ad
00b0
00b3
00b6
00b9
00bc
00bf
00c3
00c6
00c9
00cd
00d0
00d4
00d7
00db
00df
00e3
00e6
00ea
00ee
00f2
00f6
00fa
00fe
0102
0107
010b
010f
0114
0118
011c
0121
0126
012a
012f
0134
0139
013e
0143
0148
014d
0152
0157
015d
0162
0167
016d
0172
0178
017e
0184
0189
018f
0195
019b
01a1
01a8
01ae
01b4
01bb
01c1
01c8
01ce
01d5
01dc
01e3
01e9
01f0
01f7
01ff
0206
020d
0215
021c
0224
022b
0233
023b
0242
024a
0252
025a
0263
026b
0273
027c
0284
028d
0295
029e
02a7
02b0
02b9
02c2
02cb
02d4
02de
02e7
02f0
02fa
0304
030d
0317
0321
032b
0335
033f
034a
0354
035e
0369
0374
037e
0389
0394
039f
03aa
03b5
03c0
03cc
03d7
03e2
03ee
03fa
0405
0411
041d
0429
0435
0441
044d
045a
0466
0472
047f
048c
0498
04a5
04b2
04bf
04cc
04d9
04e6
04f4
0501
050f
051c
052a
0537
0545
0553
0561
056f
057d
058b
0599
05a7
05b6
05c4
05d3
05e1
05f0
05ff
060d
061c
062b
063a
0649
0658
0667
0677
0686
0695
06a5
06b4
06c4
06d3
06e3
06f2
0702
0712
0722
0732
0742
0752
0762
0772
0782
0792
07a2
07b2
07c3
07d3
07e3
07f4
0804
0815
0825
0836
0846
0857
0868
0878
0889
089a
08aa
08bb
08cc
08dc
08ed
08fe
090f
0920
0930
0941
0952
0963
0974
0985
0996
09a6
09b7
09c8
09d9
09ea
09fa
0a0b
0a1c
0a2d
0a3e
0a4e
0a5f
0a70
0a80
0a91
0aa2
0ab2
0ac3
0ad3
0ae4
0af4
0b04
0b15
0b25
0b35
0b46
0b56
0b66
0b76
0b86
0b96
0ba6
0bb6
0bc6
0bd5
0be5
0bf5
0c04
0c14
0c23
0c32
0c42
0c51
0c60
0c6f
0c7e
0c8d
0c9b
0caa
0cb9
0cc7
0cd6
0ce4
0cf2
0d00
0d0e
0d1c
0d2a
0d38
0d45
0d53
0d60
0d6d
0d7a
0d87
0d94
0da1
0dae
0dba
0dc7
0dd3
0ddf
0deb
0df7
0e03
0e0f
0e1a
0e26
0e31
0e3c
0e47
0e52
0e5c
0e67
0e71
0e7b
0e85
0e8f
0e99
0ea3
0eac
0eb5
0ebf
0ec8
0ed0
0ed9
0ee2
0eea
0ef2
0efa
0f02
0f0a
0f11
0f18
0f1f
0f26
0f2d
0f34
0f3a
0f41
0f47
0f4d
0f52
0f58
0f5d
0f62
0f67
0f6c
0f71
0f75
0f7a
0f7e
0f82
0f85
0f89
0f8c
0f8f
0f92
0f95
0f98
0f9a
0f9c
0f9e
0fa0
0fa2
0fa3
0fa5
0fa6
0fa6
0fa7
0fa8
0fa8
0fa8
0fa8
0fa8
0fa7
0fa6
0fa6
0fa5
0fa3
0fa2
0fa0
0f9e
0f9c
0f9a
0f98
0f95
0f92
0f8f
0f8c
0f89
0f85
0f82
0f7e
0f7a
0f75
0f71
0f6c
0f67
0f62
0f5d
0f58
0f52
0f4d
0f47
0f41
0f3a
0f34
0f2d
0f26
0f1f
0f18
0f11
0f0a
0f02
0efa
0ef2
0eea
0ee2
0ed9
0ed0
0ec8
0ebf
0eb5
0eac
0ea3
0e99
0e8f
0e85
0e7b
0e71
0e67
0e5c
0e52
0e47
0e3c
0e31
0e26
0e1a
0e0f
0e03
0df7
0deb
0ddf
0dd3
0dc7
0dba
0dae
0da1
0d94
0d87
0d7a
0d6d
0d60
0d53
0d45
0d38
0d2a
0d1c
0d0e
0d00
0cf2
0ce4
0cd6
0cc7
0cb9
0caa
0c9b
0c8d
0c7e
0c6f
0c60
0c51
0c42
0c32
0c23
0c14
0c04
0bf5
0be5
0bd5
0bc6
0bb6
0ba6
0b96
0b86
0b76
0b66
0b56
0b46
0b35
0b25
0b15
0b04
0af4
0ae4
0ad3
0ac3
0ab2
0aa2
0a91
0a80
0a70
0a5f
0a4e
0a3e
0a2d
0a1c
0a0b
09fa
09ea
09d9
09c8
09b7
09a6
0996
0985
0974
0963
0952
0941
0930
0920
090f
08fe
08ed
08dc
08cc
08bb
08aa
089a
0889
0878
0868
0857
0846
0836
0825
0815
0804
07f4
07e3
07d3
07c3
07b2
07a2
0792
0782
0772
0762
0752
0742
0732
0722
0712
0702
06f2
06e3
06d3
06c4
06b4
06a5
0695
0686
0677
0667
0658
0649
063a
062b
061c
060d
05ff
05f0
05e1
05d3
05c4
05b6
05a7
0599
058b
057d
056f
0561
0553
0545
0537
052a
051c
050f
0501
04f4
04e6
04d9
04cc
04bf
04b2
04a5
0498
048c
047f
0472
0466
045a
044d
0441
0435
0429
041d
0411
0405
03fa
03ee
03e2
03d7
03cc
03c0
03b5
03aa
039f
0394
0389
037e
0374
0369
035e
0354
034a
033f
0335
032b
0321
0317
030d
0304
02fa
02f0
02e7
02de
02d4
02cb
02c2
02b9
02b0
02a7
029e
0295
028d
0284
027c
0273
026b
0263
025a
0252
024a
0242
023b
0233
022b
0224
021c
0215
020d
0206
01ff
01f7
01f0
01e9
01e3
01dc
01d5
01ce
01c8
01c1
01bb
01b4
01ae
01a8
01a1
019b
0195
018f
0189
0184
017e
0178
0172
016d
0167
0162
015d
0157
0152
014d
0148
0143
013e
0139
0134
012f
012a
0126
0121
011c
0118
0114
010f
010b
0107
0102
00fe
00fa
00f6
00f2
00ee
00ea
00e6
00e3
00df
00db
00d7
00d4
00d0
00cd
00c9
00c6
00c3
00bf
00bc
00b9
00b6
00b3
00b0
00ad
00aa
00a7
00a4
00a1
009e
009b
0099
0096
0093
0091
008e
008c
0089
0087
0084
0082
0080
007d
007b
0079
0077
0074
0072
0070
006e
006c
006a
0068
0066
0064
0062
0061
005f
005d
005b
005a
0058
0056
0055
0053
0051
0050
004e
004d
004b
004a
0048
0047
0046
0044
0043
0042
0040
003f
003e
003d
003b
003a
0039
0038
0037
0036
0035
0033
0032
0031
0030
002f
002e
002d
002d
002c
002b
002a
0029
0028
0027
0026
0026
0025
0024
0023
0023
0022
0021
0020
0020
001f
001e
001e
001d
001c
001c
001b
001b
001a
001a
0019
0018
0018
0017
0017
0016
0016
0015
0015
0014
0014
0014
0013
0013
0012
0012
0011
0011
0011
0010
0010
0010
000f
000f
000e
000e
000e
000e
000d
000d
000d
000c
000c
000c
000b
000b
000b
000b
000a
000a
000a
000a
0009
0009
0009
0009
0009
0008
0008
0008
0008
0008
0007
0007
0007
0007
0007
0007
0006
0006
0006
0006
0006
0006
0006
0005
0005
0005
0005
0005
0005
0005
0004
0004
0004
0004
0004
0004
0004
0004
0004
0004
0003
0003
0003
0003
0003
0003
0003
0003
0003
0003
0003
0003
0003
0002
0002
0002
0002
0002
0002
0002
0002
0002
0002
0002
0002
0002
0002
0002
0002
0002
0002
0002
0001
0001
0001
0001
0001
0001
0001
0001
0001
0001
0001
0001
0001
0001
0001
0001
0001
0001
0001
0001
0001
0001
0001
0001
0001
0001
0001
0001
0001
0001
0001
0001
0001
0001
0001
0001
0001
0001
0001
0000
0000
0000
0000
0000
0000
0000
0000
0000
0000
0000
0000
0000
0000
0000
0000
0000
0000
0000
0000
0000
0000
0000
0000
0000
0000
0000
0000
0000
0000
0000
0000
0000
0000
0000
0000
0000
0000
0000
0000
0000
0000
0000
0000
0000
0000
0000
0000
0000
0000
0000
0000
0000
0000
0000
0000
0000
0000
0000
0000
0000
0000
0000
0000
0000
0000
0000
0000
0000
0000
0000
0000
0000
0000
0000
0000
0000
0000
0000
0000
0000
0000
0000
0000
0000
0000
0000
0000
0000
0000
0000
0000
0000
0000
0000
0000
0000
0000
0000
0000
0000
0000
0000
0000
0000
0000
0000
0000
0000
0000
0000
0000
0000
0000
0000
0000
0000
0000
0000
0000
0000
0000
0000
0000
0000
0000
0000
0000
0000
0000
0000
0000
0000
0000
0000
0000
0000
0000
0000
0000
0000
0000
0000
0000
0000
0000
0000
0000
0000
0000
0000
0000
0000
0000
0000
0000
0000
0000
0000
0000
0000
0000
0000
0000
0000
0000
0000
0000
0000
0000
0000
0000
0000
0000
0000
0000
0000
0000
0000
0000
0000
0000
0000
0000
0000
0000
0000
0000
0000
0000
0000
0000
0000
0000
0000
0000
0000
0000
0000
0000
0000
0000
0000
0000
0000
0000
0000
0000
0000
0000
0000
0000
0000
0000
0000
0000
0000
0000
0000
0000
0000
0000
0000
0000
0000
0000
0000
0000
0000
0000
0000
0000
0000
0000
0000
0000
0000
0000
0000
0000
0000
0000
0000
0000
0000
0000
0000
0000
0000
0000
0000
0000
0000
0000
0000
0000
0000
0000
0000
0000
0000
0000
0000
0000
0000
0000
0000
0000
0000
0000
0000
0000
0000
0000
0000
0000
0000
0000
0000
0000
0000
0000
0000
0000
0000
0000
0000
0000
0000
0000
0000
0000
0000
0000
0000
0000
0000
0000
0000
0000
0000
0000
0000
0000
0000
0000
0000
0000
0000
0000
0000
0000
0000
0000
0000
0000
0000
0000
0000
0000
0000
0000
0000
0000
0000
0000
0000
0000
0000
0000
0000
0000
0000
0000
0000
0000
0000
0000
0000
0000
0000
0000
0000
0000
0000
0000
0000
0000
0000
0000
0000
0000
0000
0000
0000
0000
0000
0000
0000
0000
0000
0000
0000
0000
0000
0000
0000
0000
0000
0000
0000
0000
0000
0000
0000
0000
0000
0000
0000
0000
0000
0000
0000
0000
0000
0000
0000
0000
0000
0000
0000
0000
0000
0000
0000
0000
0000
0000
0000
0000
0000
0000
0000
0000
0000
0000
0000
0000
0000
0000
0000
0000
0000
0000
0000
0000
0000
0000
0000
0000
0000
0000
0000
0000
0000
0000
0000
0000
0000
0000
0000
0000
0000
0000
0000
0000
0000
0000
0000
0000
0000
0000
0000
0000
0000
0000
0000
0000
0000
0000
0000
0000
0000
0000
0000
0000
0000
0000
0000
0000
0000
0000
0000
0000
0000
0000
0000
0000
0000
0000
0000
0000
0000
0000
0000
0000
0000
0000
0000
0000
0000
0000
0000
0000
0000
0000
0000
0000
