0000
0000
0000
0000
0000
0000
0000
0000
0000
0000
0000
0000
0000
0000
0000
0000
0000
0000
0000
0000
0000
0000
0000
0000
0000
0000
0000
0000
0000
0000
0000
0000
0000
0000
0000
0000
0000
0000
0000
0000
0000
0000
0000
0000
0000
0000
0000
0000
0000
0000
0000
0000
0000
0000
0000
0000
0000
0000
0000
0000
0000
0000
0000
0000
0000
0000
0000
0000
0000
0000
0000
0000
0000
0000
0000
0000
0000
0000
0000
0000
0000
0000
0000
0000
0000
0000
0000
0000
0000
0000
0000
0000
0000
0000
0000
0000
0000
0000
0000
0000
0000
0000
0000
0000
0000
0000
0000
0000
0000
0000
0000
0000
0000
0000
0000
0000
0000
0000
0000
0000
0000
0000
0000
0000
0000
0000
0000
0000
0000
0000
0000
0000
0000
0000
0000
0000
0000
0000
0000
0000
0000
0000
0000
0000
0000
0000
0000
0000
0000
0000
0000
0000
0000
0000
0000
0000
0000
0000
0000
0000
0000
0000
0000
0000
0000
0000
0000
0000
0000
0000
0000
0000
0000
0000
0000
0000
0000
0000
0000
0000
0000
0000
0000
0000
0000
0000
0000
0000
0000
0000
0000
0000
0000
0000
0000
0000
0000
0000
0000
0000
0000
0000
0000
0000
0000
0000
0000
0000
0000
0000
0000
0000
0000
0000
0000
0000
0000
0000
0000
0000
0000
0000
0000
0000
0000
0000
0000
0000
0000
0000
0000
0000
0000
0000
0000
0000
0000
0000
0000
0000
0000
0000
0000
0000
0000
0000
0000
0000
0000
0000
0000
0000
0000
0000
0000
0000
0000
0000
0000
0000
0000
0000
0000
0000
0000
0000
0000
0000
0000
0000
0000
0000
0000
0000
0000
0000
0000
0000
0000
0000
0000
0000
0000
0000
0000
0000
0000
0000
0000
0000
0000
0000
0000
0000
0000
0000
0000
0000
0000
0000
0000
0000
0000
0000
0000
0000
0000
0000
0000
0000
0000
0000
0000
0000
0000
0000
0000
0000
0000
0000
0000
0000
0000
0000
0000
0000
0000
0000
0000
0000
0000
0000
0000
0000
0000
0000
0000
0000
0000
0000
0000
0000
0000
0000
0000
0000
0000
0000
0000
0000
0000
0000
0000
0000
0000
0000
0000
0000
0000
0000
0000
0000
0000
0000
0000
0000
0000
0000
0000
0000
0000
0000
0000
0000
0000
0000
0000
0000
0000
0000
0000
0000
0000
0000
0000
0000
0000
0000
0000
0000
0000
0000
0000
0000
0000
0000
0000
0000
0000
0000
0000
0000
0000
0000
0000
0000
0000
0000
0000
0000
0000
0000
0000
0000
0000
0000
0000
0000
0000
0000
0000
0000
0000
0000
0000
0000
0000
0000
0000
0000
0000
0000
0000
0000
0000
0000
0000
0000
0000
0000
0000
0000
0000
0000
0000
0000
0000
0000
0000
0000
0000
0000
0000
0000
0000
0000
0000
0000
0000
0000
0000
0000
0000
0000
0000
0000
0000
0000
0000
0000
0000
0000
0000
0000
0000
0000
0000
0000
0000
0000
0000
0000
0000
0000
0000
0000
0000
0000
0000
0000
0000
0000
0000
0000
0000
0000
0000
0000
0000
0000
0000
0000
0000
0000
0000
0000
0000
0000
0000
0000
0000
0000
0000
0000
0000
0000
0000
0000
0000
0000
0000
0000
0000
0000
0000
0000
0000
0000
0000
0000
0000
0000
0000
0000
0000
0000
0000
0000
0000
0000
0000
0000
0000
0000
0000
0000
0000
0000
0000
0000
0000
0000
0000
0000
0000
0000
0000
0000
0000
0000
0000
0000
0000
0000
0000
0000
0000
0000
0000
0000
0000
0000
0000
0000
0000
0000
0000
0000
0000
0000
0000
0000
0000
0000
0000
0000
0000
0000
0000
0000
0000
0000
0000
0000
0000
0000
0000
0000
0000
0000
0000
0000
0000
0000
0000
0000
0000
0000
0000
0000
0000
0000
0000
0000
0000
0000
0000
0000
0000
0000
0000
0000
0000
0000
0000
0000
0001
0001
0001
0001
0001
0001
0001
0001
0001
0001
0001
0001
0001
0001
0001
0001
0001
0001
0001
0001
0001
0001
0001
0001
0001
0001
0001
0001
0001
0001
0002
0002
0002
0002
0002
0002
0002
0002
0002
0002
0002
0002
0002
0002
0002
0003
0003
0003
0003
0003
0003
0003
0003
0003
0003
0004
0004
0004
0004
0004
0004
0004
0005
0005
0005
0005
0005
0005
0005
0006
0006
0006
0006
0006
0007
0007
0007
0007
0008
0008
0008
0008
0009
0009
0009
0009
000a
000a
000a
000b
000b
000b
000c
000c
000c
000d
000d
000e
000e
000e
000f
000f
0010
0010
0011
0011
0012
0012
0013
0013
0014
0015
0015
0016
0016
0017
0018
0018
0019
001a
001b
001b
001c
001d
001e
001f
0020
0020
0021
0022
0023
0024
0025
0026
0027
0028
002a
002b
002c
002d
002e
002f
0031
0032
0033
0035
0036
0038
0039
003b
003c
003e
003f
0041
0043
0044
0046
0048
004a
004c
004e
0050
0052
0054
0056
0058
005a
005c
005f
0061
0063
0066
0068
006b
006e
0070
0073
0076
0078
007b
007e
0081
0084
0087
008b
008e
0091
0095
0098
009c
009f
00a3
00a7
00aa
00ae
00b2
00b6
00ba
00be
00c3
00c7
00cb
00d0
00d4
00d9
00de
00e3
00e7
00ec
00f2
00f7
00fc
0101
0107
010c
0112
0118
011d
0123
0129
0130
0136
013c
0142
0149
0150
0156
015d
0164
016b
0172
017a
0181
0189
0190
0198
01a0
01a8
01b0
01b8
01c0
01c9
01d1
01da
01e3
01ec
01f5
01fe
0208
0211
021b
0224
022e
0238
0242
024d
0257
0261
026c
0277
0282
028d
0298
02a3
02af
02ba
02c6
02d2
02de
02ea
02f7
0303
0310
031c
0329
0336
0343
0351
035e
036c
0379
0387
0395
03a4
03b2
03c0
03cf
03de
03ec
03fb
040b
041a
0429
0439
0449
0459
0469
0479
0489
0499
04aa
04bb
04cb
04dc
04ed
04ff
0510
0522
0533
0545
0557
0569
057b
058d
059f
05b2
05c5
05d7
05ea
05fd
0610
0623
0637
064a
065e
0671
0685
0699
06ad
06c1
06d5
06e9
06fd
0712
0726
073a
074f
0764
0779
078d
07a2
07b7
07cc
07e1
07f7
080c
0821
0837
084c
0861
0877
088c
08a2
08b7
08cd
08e3
08f8
090e
0924
0939
094f
0965
097b
0990
09a6
09bc
09d2
09e7
09fd
0a13
0a28
0a3e
0a54
0a69
0a7f
0a94
0aaa
0abf
0ad4
0ae9
0aff
0b14
0b29
0b3e
0b53
0b68
0b7c
0b91
0ba6
0bba
0bce
0be3
0bf7
0c0b
0c1f
0c33
0c46
0c5a
0c6d
0c80
0c94
0ca7
0cb9
0ccc
0cdf
0cf1
0d03
0d15
0d27
0d39
0d4a
0d5c
0d6d
0d7e
0d8e
0d9f
0daf
0dc0
0dcf
0ddf
0def
0dfe
0e0d
0e1c
0e2b
0e39
0e47
0e55
0e63
0e70
0e7d
0e8a
0e97
0ea3
0eb0
0ebb
0ec7
0ed2
0ede
0ee8
0ef3
0efd
0f07
0f11
0f1a
0f23
0f2c
0f35
0f3d
0f45
0f4d
0f54
0f5b
0f62
0f68
0f6f
0f74
0f7a
0f7f
0f84
0f89
0f8d
0f91
0f95
0f98
0f9b
0f9e
0fa0
0fa2
0fa4
0fa5
0fa7
0fa7
0fa8
0fa8
0fa8
0fa7
0fa7
0fa5
0fa4
0fa2
0fa0
0f9e
0f9b
0f98
0f95
0f91
0f8d
0f89
0f84
0f7f
0f7a
0f74
0f6f
0f68
0f62
0f5b
0f54
0f4d
0f45
0f3d
0f35
0f2c
0f23
0f1a
0f11
0f07
0efd
0ef3
0ee8
0ede
0ed2
0ec7
0ebb
0eb0
0ea3
0e97
0e8a
0e7d
0e70
0e63
0e55
0e47
0e39
0e2b
0e1c
0e0d
0dfe
0def
0ddf
0dcf
0dc0
0daf
0d9f
0d8e
0d7e
0d6d
0d5c
0d4a
0d39
0d27
0d15
0d03
0cf1
0cdf
0ccc
0cb9
0ca7
0c94
0c80
0c6d
0c5a
0c46
0c33
0c1f
0c0b
0bf7
0be3
0bce
0bba
0ba6
0b91
0b7c
0b68
0b53
0b3e
0b29
0b14
0aff
0ae9
0ad4
0abf
0aaa
0a94
0a7f
0a69
0a54
0a3e
0a28
0a13
09fd
09e7
09d2
09bc
09a6
0990
097b
0965
094f
0939
0924
090e
08f8
08e3
08cd
08b7
08a2
088c
0877
0861
084c
0837
0821
080c
07f7
07e1
07cc
07b7
07a2
078d
0779
0764
074f
073a
0726
0712
06fd
06e9
06d5
06c1
06ad
0699
0685
0671
065e
064a
0637
0623
0610
05fd
05ea
05d7
05c5
05b2
059f
058d
057b
0569
0557
0545
0533
0522
0510
04ff
04ed
04dc
04cb
04bb
04aa
0499
0489
0479
0469
0459
0449
0439
0429
041a
040b
03fb
03ec
03de
03cf
03c0
03b2
03a4
0395
0387
0379
036c
035e
0351
0343
0336
0329
031c
0310
0303
02f7
02ea
02de
02d2
02c6
02ba
02af
02a3
0298
028d
0282
0277
026c
0261
0257
024d
0242
0238
022e
0224
021b
0211
0208
01fe
01f5
01ec
01e3
01da
01d1
01c9
01c0
01b8
01b0
01a8
01a0
0198
0190
0189
0181
017a
0172
016b
0164
015d
0156
0150
0149
0142
013c
0136
0130
0129
0123
011d
0118
0112
010c
0107
0101
00fc
00f7
00f2
00ec
00e7
00e3
00de
00d9
00d4
00d0
00cb
00c7
00c3
00be
00ba
00b6
00b2
00ae
00aa
00a7
00a3
009f
009c
0098
0095
0091
008e
008b
0087
0084
0081
007e
007b
0078
0076
0073
0070
006e
006b
0068
0066
0063
0061
005f
005c
005a
0058
0056
0054
0052
0050
004e
004c
004a
0048
0046
0044
0043
0041
003f
003e
003c
003b
0039
0038
0036
0035
0033
0032
0031
002f
002e
002d
002c
002b
002a
0028
0027
0026
0025
0024
0023
0022
0021
0020
0020
001f
001e
001d
001c
001b
001b
001a
0019
0018
0018
0017
0016
0016
0015
0015
0014
0013
0013
0012
0012
0011
0011
0010
0010
000f
000f
000e
000e
000e
000d
000d
000c
000c
000c
000b
000b
000b
000a
000a
000a
0009
0009
0009
0009
0008
0008
0008
0008
0007
0007
0007
0007
0006
0006
0006
0006
0006
0005
0005
0005
0005
0005
0005
0005
0004
0004
0004
0004
0004
0004
0004
0003
0003
0003
0003
0003
0003
0003
0003
0003
0003
0002
0002
0002
0002
0002
0002
0002
0002
0002
0002
0002
0002
0002
0002
0002
0001
0001
0001
0001
0001
0001
0001
0001
0001
0001
0001
0001
0001
0001
0001
0001
0001
0001
0001
0001
0001
0001
0001
0001
0001
0001
0001
0001
0001
0001
0000
0000
0000
0000
0000
0000
0000
0000
0000
0000
0000
0000
0000
0000
0000
0000
0000
0000
0000
0000
0000
0000
0000
0000
0000
0000
0000
0000
0000
0000
0000
0000
0000
0000
0000
0000
0000
0000
0000
0000
0000
0000
0000
0000
0000
0000
0000
0000
0000
0000
0000
0000
0000
0000
0000
0000
0000
0000
0000
0000
0000
0000
0000
0000
0000
0000
0000
0000
0000
0000
0000
0000
0000
0000
0000
0000
0000
0000
0000
0000
0000
0000
0000
0000
0000
0000
0000
0000
0000
0000
0000
0000
0000
0000
0000
0000
0000
0000
0000
0000
0000
0000
0000
0000
0000
0000
0000
0000
0000
0000
0000
0000
0000
0000
0000
0000
0000
0000
0000
0000
0000
0000
0000
0000
0000
0000
0000
0000
0000
0000
0000
0000
0000
0000
0000
0000
0000
0000
0000
0000
0000
0000
0000
0000
0000
0000
0000
0000
0000
0000
0000
0000
0000
0000
0000
0000
0000
0000
0000
0000
0000
0000
0000
0000
0000
0000
0000
0000
0000
0000
0000
0000
0000
0000
0000
0000
0000
0000
0000
0000
0000
0000
0000
0000
0000
0000
0000
0000
0000
0000
0000
0000
0000
0000
0000
0000
0000
0000
0000
0000
0000
0000
0000
0000
0000
0000
0000
0000
0000
0000
0000
0000
0000
0000
0000
0000
0000
0000
0000
0000
0000
0000
0000
0000
0000
0000
0000
0000
0000
0000
0000
0000
0000
0000
0000
0000
0000
0000
0000
0000
0000
0000
0000
0000
0000
0000
0000
0000
0000
0000
0000
0000
0000
0000
0000
0000
0000
0000
0000
0000
0000
0000
0000
0000
0000
0000
0000
0000
0000
0000
0000
0000
0000
0000
0000
0000
0000
0000
0000
0000
0000
0000
0000
0000
0000
0000
0000
0000
0000
0000
0000
0000
0000
0000
0000
0000
0000
0000
0000
0000
0000
0000
0000
0000
0000
0000
0000
0000
0000
0000
0000
0000
0000
0000
0000
0000
0000
0000
0000
0000
0000
0000
0000
0000
0000
0000
0000
0000
0000
0000
0000
0000
0000
0000
0000
0000
0000
0000
0000
0000
0000
0000
0000
0000
0000
0000
0000
0000
0000
0000
0000
0000
0000
0000
0000
0000
0000
0000
0000
0000
0000
0000
0000
0000
0000
0000
0000
0000
0000
0000
0000
0000
0000
0000
0000
0000
0000
0000
0000
0000
0000
0000
0000
0000
0000
0000
0000
0000
0000
0000
0000
0000
0000
0000
0000
0000
0000
0000
0000
0000
0000
0000
0000
0000
0000
0000
0000
0000
0000
0000
0000
0000
0000
0000
0000
0000
0000
0000
0000
0000
0000
0000
0000
0000
0000
0000
0000
0000
0000
0000
0000
0000
0000
0000
0000
0000
0000
0000
0000
0000
0000
0000
0000
0000
0000
0000
0000
0000
0000
0000
0000
0000
0000
0000
0000
0000
0000
0000
0000
0000
0000
0000
0000
0000
0000
0000
0000
0000
0000
0000
0000
0000
0000
0000
0000
0000
0000
0000
0000
0000
0000
0000
0000
0000
0000
0000
0000
0000
0000
0000
0000
0000
0000
0000
0000
0000
0000
0000
0000
0000
0000
0000
0000
0000
0000
0000
0000
0000
0000
0000
0000
0000
0000
0000
0000
0000
0000
0000
0000
0000
0000
0000
0000
0000
0000
0000
0000
0000
0000
0000
0000
0000
0000
0000
0000
0000
0000
0000
0000
0000
0000
0000
0000
0000
0000
0000
0000
0000
0000
0000
0000
0000
0000
0000
0000
0000
0000
0000
0000
0000
0000
0000
0000
0000
0000
0000
0000
0000
0000
0000
0000
0000
0000
0000
0000
0000
0000
0000
0000
0000
0000
0000
0000
0000
0000
0000
0000
0000
0000
0000
0000
0000
0000
0000
0000
0000
0000
0000
0000
0000
0000
0000
0000
0000
0000
0000
0000
0000
0000
0000
0000
0000
0000
0000
0000
0000
0000
0000
0000
0000
0000
0000
0000
0000
0000
0000
