000
000
000
000
000
000
000
000
000
000
000
000
000
000
000
000
000
000
000
000
000
000
000
000
000
000
000
000
000
000
000
000
000
000
000
000
000
000
000
000
000
000
000
000
000
000
000
000
000
000
000
000
000
000
000
000
000
000
000
000
000
000
000
000
000
000
000
000
000
000
000
000
000
000
000
000
000
000
000
000
000
000
000
000
000
000
000
000
000
000
000
000
000
000
000
000
000
000
000
000
000
000
000
000
000
000
000
000
000
000
000
000
000
000
000
000
000
000
000
000
000
000
000
000
000
000
000
000
000
000
000
000
000
000
000
000
000
000
000
000
000
000
000
000
000
000
000
000
000
000
000
000
000
000
000
000
000
000
000
000
000
000
000
000
000
000
000
000
000
000
000
000
000
000
000
000
000
000
000
000
000
000
000
000
000
000
000
000
000
000
000
000
000
000
000
000
000
000
000
000
000
000
000
000
000
000
000
000
000
000
000
000
000
000
000
000
000
000
000
000
000
000
000
000
000
000
000
000
000
000
000
000
000
000
000
000
000
000
000
000
000
000
000
000
000
000
000
000
000
000
000
000
000
000
000
000
000
000
000
000
000
000
000
000
000
000
000
000
000
000
000
000
000
000
000
000
000
000
000
000
000
000
000
000
000
000
000
000
000
000
000
000
000
000
000
000
000
000
000
000
000
000
000
000
000
000
000
000
000
000
000
000
000
000
000
000
000
000
000
000
000
000
000
000
000
000
000
000
000
000
000
000
000
000
000
000
000
000
000
000
000
000
000
000
000
000
000
000
000
000
000
000
000
000
000
000
000
000
000
000
000
000
000
000
000
000
000
000
000
000
000
000
000
000
000
000
000
000
000
000
000
000
000
000
000
000
000
000
000
000
000
000
000
000
000
000
000
000
000
000
000
000
000
000
000
000
000
000
000
000
000
000
000
000
000
000
000
000
000
000
000
000
000
000
000
000
000
000
000
000
000
000
000
000
000
000
000
000
000
000
000
000
000
000
000
000
000
000
000
000
000
000
000
000
000
000
000
000
000
000
000
000
000
000
000
000
000
000
000
000
000
000
000
000
000
000
000
000
000
000
000
000
000
000
000
000
000
000
000
000
000
000
000
000
000
000
000
000
000
000
000
000
000
000
000
000
000
000
000
000
000
000
000
000
000
000
000
000
000
000
000
000
000
000
000
000
000
000
000
000
000
000
000
000
000
000
000
000
000
000
000
000
000
000
000
000
000
000
000
000
000
000
000
000
000
000
000
000
000
000
000
000
000
000
000
000
000
000
000
000
000
000
000
000
000
000
000
000
000
000
000
000
000
000
000
000
000
000
000
000
000
000
000
000
000
000
000
000
000
000
000
000
000
000
000
000
000
000
000
000
000
000
000
000
000
000
000
000
000
000
000
000
000
000
000
000
000
000
000
000
000
000
000
000
000
000
000
000
000
000
000
000
000
000
000
000
000
000
000
000
000
000
000
000
000
000
000
000
000
001
001
001
001
001
001
001
001
001
001
001
001
001
001
001
001
001
001
001
001
001
001
001
001
001
001
001
001
002
002
002
002
002
002
002
002
002
002
002
002
002
002
003
003
003
003
003
003
003
003
003
004
004
004
004
004
004
004
005
005
005
005
005
005
006
006
006
006
006
007
007
007
007
008
008
008
009
009
009
009
00a
00a
00a
00b
00b
00b
00c
00c
00d
00d
00d
00e
00e
00f
00f
010
010
011
011
012
013
013
014
014
015
016
016
017
018
019
019
01a
01b
01c
01d
01d
01e
01f
020
021
022
023
024
025
026
028
029
02a
02b
02c
02e
02f
030
032
033
035
036
038
039
03b
03c
03e
040
042
044
045
047
049
04b
04d
04f
052
054
056
058
05b
05d
060
062
065
067
06a
06d
070
072
075
078
07c
07f
082
085
089
08c
08f
093
097
09a
09e
0a2
0a6
0aa
0ae
0b2
0b7
0bb
0c0
0c4
0c9
0cd
0d2
0d7
0dc
0e1
0e7
0ec
0f1
0f7
0fc
102
108
10e
114
11a
120
127
12d
134
13a
141
148
14f
157
15e
165
16d
175
17c
184
18c
195
19d
1a5
1ae
1b7
1bf
1c8
1d2
1db
1e4
1ee
1f8
201
20b
216
220
22a
235
240
24a
256
261
26c
278
283
28f
29b
2a7
2b3
2c0
2cc
2d9
2e6
2f3
300
30d
31b
329
337
345
353
361
370
37e
38d
39c
3ab
3ba
3ca
3d9
3e9
3f9
409
419
42a
43a
44b
45c
46d
47e
48f
4a1
4b2
4c4
4d6
4e8
4fa
50d
51f
532
545
558
56b
57e
591
5a5
5b8
5cc
5e0
5f4
608
61c
631
645
65a
66e
683
698
6ad
6c2
6d8
6ed
702
718
72d
743
759
76f
785
79b
7b1
7c7
7dd
7f3
80a
820
836
84d
863
87a
890
8a7
8be
8d4
8eb
902
918
92f
946
95c
973
98a
9a1
9b7
9ce
9e4
9fb
a12
a28
a3f
a55
a6b
a82
a98
aae
ac4
ada
af0
b06
b1c
b31
b47
b5c
b72
b87
b9c
bb1
bc6
bdb
bef
c04
c18
c2c
c40
c54
c68
c7b
c8e
ca2
cb5
cc7
cda
cec
cfe
d10
d22
d34
d45
d56
d67
d77
d88
d98
da8
db7
dc7
dd6
de5
df3
e02
e10
e1d
e2b
e38
e45
e52
e5e
e6a
e76
e81
e8c
e97
ea2
eac
eb6
ebf
ec8
ed1
eda
ee2
eea
ef2
ef9
f00
f06
f0c
f12
f18
f1d
f22
f26
f2a
f2e
f31
f35
f37
f3a
f3c
f3d
f3e
f3f
f40
f40
f40
f3f
f3e
f3d
f3c
f3a
f37
f35
f31
f2e
f2a
f26
f22
f1d
f18
f12
f0c
f06
f00
ef9
ef2
eea
ee2
eda
ed1
ec8
ebf
eb6
eac
ea2
e97
e8c
e81
e76
e6a
e5e
e52
e45
e38
e2b
e1d
e10
e02
df3
de5
dd6
dc7
db7
da8
d98
d88
d77
d67
d56
d45
d34
d22
d10
cfe
cec
cda
cc7
cb5
ca2
c8e
c7b
c68
c54
c40
c2c
c18
c04
bef
bdb
bc6
bb1
b9c
b87
b72
b5c
b47
b31
b1c
b06
af0
ada
ac4
aae
a98
a82
a6b
a55
a3f
a28
a12
9fb
9e4
9ce
9b7
9a1
98a
973
95c
946
92f
918
902
8eb
8d4
8be
8a7
890
87a
863
84d
836
820
80a
7f3
7dd
7c7
7b1
79b
785
76f
759
743
72d
718
702
6ed
6d8
6c2
6ad
698
683
66e
65a
645
631
61c
608
5f4
5e0
5cc
5b8
5a5
591
57e
56b
558
545
532
51f
50d
4fa
4e8
4d6
4c4
4b2
4a1
48f
47e
46d
45c
44b
43a
42a
419
409
3f9
3e9
3d9
3ca
3ba
3ab
39c
38d
37e
370
361
353
345
337
329
31b
30d
300
2f3
2e6
2d9
2cc
2c0
2b3
2a7
29b
28f
283
278
26c
261
256
24a
240
235
22a
220
216
20b
201
1f8
1ee
1e4
1db
1d2
1c8
1bf
1b7
1ae
1a5
19d
195
18c
184
17c
175
16d
165
15e
157
14f
148
141
13a
134
12d
127
120
11a
114
10e
108
102
0fc
0f7
0f1
0ec
0e7
0e1
0dc
0d7
0d2
0cd
0c9
0c4
0c0
0bb
0b7
0b2
0ae
0aa
0a6
0a2
09e
09a
097
093
08f
08c
089
085
082
07f
07c
078
075
072
070
06d
06a
067
065
062
060
05d
05b
058
056
054
052
04f
04d
04b
049
047
045
044
042
040
03e
03c
03b
039
038
036
035
033
032
030
02f
02e
02c
02b
02a
029
028
026
025
024
023
022
021
020
01f
01e
01d
01d
01c
01b
01a
019
019
018
017
016
016
015
014
014
013
013
012
011
011
010
010
00f
00f
00e
00e
00d
00d
00d
00c
00c
00b
00b
00b
00a
00a
00a
009
009
009
009
008
008
008
007
007
007
007
006
006
006
006
006
005
005
005
005
005
005
004
004
004
004
004
004
004
003
003
003
003
003
003
003
003
003
002
002
002
002
002
002
002
002
002
002
002
002
002
002
001
001
001
001
001
001
001
001
001
001
001
001
001
001
001
001
001
001
001
001
001
001
001
001
001
001
001
001
000
000
000
000
000
000
000
000
000
000
000
000
000
000
000
000
000
000
000
000
000
000
000
000
000
000
000
000
000
000
000
000
000
000
000
000
000
000
000
000
000
000
000
000
000
000
000
000
000
000
000
000
000
000
000
000
000
000
000
000
000
000
000
000
000
000
000
000
000
000
000
000
000
000
000
000
000
000
000
000
000
000
000
000
000
000
000
000
000
000
000
000
000
000
000
000
000
000
000
000
000
000
000
000
000
000
000
000
000
000
000
000
000
000
000
000
000
000
000
000
000
000
000
000
000
000
000
000
000
000
000
000
000
000
000
000
000
000
000
000
000
000
000
000
000
000
000
000
000
000
000
000
000
000
000
000
000
000
000
000
000
000
000
000
000
000
000
000
000
000
000
000
000
000
000
000
000
000
000
000
000
000
000
000
000
000
000
000
000
000
000
000
000
000
000
000
000
000
000
000
000
000
000
000
000
000
000
000
000
000
000
000
000
000
000
000
000
000
000
000
000
000
000
000
000
000
000
000
000
000
000
000
000
000
000
000
000
000
000
000
000
000
000
000
000
000
000
000
000
000
000
000
000
000
000
000
000
000
000
000
000
000
000
000
000
000
000
000
000
000
000
000
000
000
000
000
000
000
000
000
000
000
000
000
000
000
000
000
000
000
000
000
000
000
000
000
000
000
000
000
000
000
000
000
000
000
000
000
000
000
000
000
000
000
000
000
000
000
000
000
000
000
000
000
000
000
000
000
000
000
000
000
000
000
000
000
000
000
000
000
000
000
000
000
000
000
000
000
000
000
000
000
000
000
000
000
000
000
000
000
000
000
000
000
000
000
000
000
000
000
000
000
000
000
000
000
000
000
000
000
000
000
000
000
000
000
000
000
000
000
000
000
000
000
000
000
000
000
000
000
000
000
000
000
000
000
000
000
000
000
000
000
000
000
000
000
000
000
000
000
000
000
000
000
000
000
000
000
000
000
000
000
000
000
000
000
000
000
000
000
000
000
000
000
000
000
000
000
000
000
000
000
000
000
000
000
000
000
000
000
000
000
000
000
000
000
000
000
000
000
000
000
000
000
000
000
000
000
000
000
000
000
000
000
000
000
000
000
000
000
000
000
000
000
000
000
000
000
000
000
000
000
000
000
000
000
000
000
000
000
000
000
000
000
000
000
000
000
000
000
000
000
000
000
000
000
000
000
000
000
000
000
000
000
000
000
000
000
000
000
000
000
000
000
000
000
000
000
000
000
000
000
000
000
000
000
000
000
000
000
000
000
000
000
000
000
000
000
000
000
000
000
000
000
000
000
000
000
000
000
000
000
000
000
000
000
000
000
000
000
000
000
000
000
000
000
000
000
000
000
000
000
000
000
000
000
000
000
000
000
000
000
000
000
000
000
000
000
000
000
000
000
000
000
000
000
000
000
000
000
000
000
000
000
000
000
000
000
000
000
000
000
000
000
000
000
000
000
000
000
000
000
000
000
000
000
000
000
000
