000
000
000
000
000
000
000
000
000
000
000
000
000
000
000
000
000
000
000
000
000
000
000
000
000
000
000
000
000
000
000
000
000
000
000
000
000
000
000
000
000
000
000
000
000
000
000
000
000
000
000
000
000
000
000
000
000
000
000
000
000
000
000
000
000
000
000
000
000
000
000
000
000
000
000
000
000
000
000
000
000
000
000
000
000
000
000
000
000
000
000
000
000
000
000
000
000
000
000
000
000
000
000
000
000
000
000
000
000
000
000
000
000
000
000
000
000
000
000
000
000
000
000
000
000
000
000
000
000
000
000
000
000
000
000
000
000
000
000
000
000
000
000
000
000
000
000
000
000
000
000
000
000
000
000
000
000
000
000
000
000
000
000
000
000
000
000
000
000
000
000
000
000
000
000
000
000
000
000
000
000
000
000
000
000
000
000
000
000
000
000
000
000
000
000
000
000
000
000
000
000
000
000
000
000
000
000
000
000
000
000
000
000
000
000
000
000
000
000
000
000
000
000
000
000
000
000
000
000
000
000
000
000
000
000
000
000
000
000
000
000
000
000
000
000
000
000
000
000
000
000
000
000
000
000
000
000
000
000
000
000
000
000
000
000
000
000
000
000
000
000
000
000
000
000
000
000
000
000
000
000
000
000
000
000
000
000
000
000
000
000
000
000
000
000
000
000
000
000
000
000
000
000
000
000
000
000
000
000
000
000
000
000
000
000
000
000
000
000
000
000
000
000
000
000
000
000
000
000
000
000
000
000
000
000
000
000
000
000
000
000
000
000
000
000
000
000
000
000
000
000
000
000
000
000
000
000
000
000
000
000
000
000
000
000
000
000
000
000
000
000
000
000
000
000
000
000
000
000
000
000
000
000
000
000
000
000
000
000
000
000
000
000
000
000
000
000
000
000
000
000
000
000
000
000
000
000
000
000
000
000
000
000
000
000
000
000
000
000
000
000
000
000
000
000
000
000
000
000
000
000
000
000
000
000
000
000
000
000
000
000
000
000
000
000
000
000
000
000
000
000
000
000
000
000
000
000
000
000
000
000
000
000
000
000
000
000
000
000
000
000
000
000
000
000
000
000
000
000
000
000
000
000
000
000
000
000
000
000
000
000
000
000
000
000
000
000
000
000
000
000
000
000
000
000
000
000
000
000
000
000
000
000
000
000
000
000
000
000
000
000
000
000
000
000
000
000
000
000
000
000
000
000
000
000
000
000
000
000
000
000
000
000
000
000
000
000
000
000
000
000
000
000
000
000
000
000
000
000
000
000
000
000
000
000
000
000
000
000
000
000
000
000
000
000
000
000
000
000
000
000
000
000
000
000
000
000
000
000
000
000
000
000
000
000
000
000
000
000
000
000
000
000
000
000
000
000
000
000
000
000
000
000
000
000
000
000
000
000
000
000
000
000
000
000
000
000
000
000
000
000
000
000
000
000
000
000
000
000
000
000
000
000
000
000
000
000
000
000
001
001
001
001
001
001
001
001
001
001
001
001
001
001
001
001
001
001
001
001
001
001
001
001
001
001
001
001
001
002
002
002
002
002
002
002
002
002
002
002
002
002
002
003
003
003
003
003
003
003
003
003
004
004
004
004
004
004
004
005
005
005
005
005
005
006
006
006
006
006
007
007
007
007
008
008
008
008
009
009
009
009
00a
00a
00a
00b
00b
00b
00c
00c
00d
00d
00d
00e
00e
00f
00f
010
010
011
011
012
012
013
014
014
015
015
016
017
017
018
019
01a
01a
01b
01c
01d
01e
01f
01f
020
021
022
023
024
025
027
028
029
02a
02b
02c
02e
02f
030
032
033
034
036
037
039
03a
03c
03e
03f
041
043
045
047
048
04a
04c
04e
051
053
055
057
059
05c
05e
060
063
066
068
06b
06d
070
073
076
079
07c
07f
082
085
089
08c
090
093
097
09a
09e
0a2
0a6
0aa
0ae
0b2
0b6
0ba
0be
0c3
0c7
0cc
0d1
0d5
0da
0df
0e4
0ea
0ef
0f4
0fa
0ff
105
10a
110
116
11c
122
129
12f
136
13c
143
14a
151
158
15f
166
16e
175
17d
185
18c
194
19d
1a5
1ad
1b6
1be
1c7
1d0
1d9
1e2
1ec
1f5
1ff
208
212
21c
227
231
23b
246
251
25b
266
272
27d
288
294
2a0
2ac
2b8
2c4
2d0
2dd
2e9
2f6
303
310
31d
32b
338
346
354
362
370
37e
38d
39c
3aa
3b9
3c8
3d8
3e7
3f7
406
416
426
436
447
457
468
478
489
49a
4ac
4bd
4ce
4e0
4f2
504
516
528
53a
54c
55f
572
585
598
5ab
5be
5d1
5e5
5f8
60c
620
634
648
65c
670
684
699
6ad
6c2
6d7
6ec
701
716
72b
740
755
76b
780
795
7ab
7c1
7d6
7ec
802
818
82e
844
85a
870
886
89c
8b2
8c8
8de
8f4
90b
921
937
94d
963
97a
990
9a6
9bc
9d2
9e8
9ff
a15
a2b
a41
a56
a6c
a82
a98
aae
ac3
ad9
aee
b04
b19
b2e
b43
b58
b6d
b82
b97
bab
bc0
bd4
be8
bfc
c10
c24
c37
c4b
c5e
c71
c84
c97
caa
cbc
cce
ce1
cf2
d04
d16
d27
d38
d49
d59
d6a
d7a
d8a
d9a
da9
db9
dc8
dd6
de5
df3
e01
e0f
e1c
e2a
e37
e43
e50
e5c
e68
e73
e7e
e89
e94
e9e
ea8
eb2
ebc
ec5
ece
ed6
ede
ee6
eee
ef5
efc
f02
f09
f0f
f14
f1a
f1e
f23
f27
f2b
f2f
f32
f35
f38
f3a
f3c
f3d
f3e
f3f
f40
f40
f40
f3f
f3e
f3d
f3c
f3a
f38
f35
f32
f2f
f2b
f27
f23
f1e
f1a
f14
f0f
f09
f02
efc
ef5
eee
ee6
ede
ed6
ece
ec5
ebc
eb2
ea8
e9e
e94
e89
e7e
e73
e68
e5c
e50
e43
e37
e2a
e1c
e0f
e01
df3
de5
dd6
dc8
db9
da9
d9a
d8a
d7a
d6a
d59
d49
d38
d27
d16
d04
cf2
ce1
cce
cbc
caa
c97
c84
c71
c5e
c4b
c37
c24
c10
bfc
be8
bd4
bc0
bab
b97
b82
b6d
b58
b43
b2e
b19
b04
aee
ad9
ac3
aae
a98
a82
a6c
a56
a41
a2b
a15
9ff
9e8
9d2
9bc
9a6
990
97a
963
94d
937
921
90b
8f4
8de
8c8
8b2
89c
886
870
85a
844
82e
818
802
7ec
7d6
7c1
7ab
795
780
76b
755
740
72b
716
701
6ec
6d7
6c2
6ad
699
684
670
65c
648
634
620
60c
5f8
5e5
5d1
5be
5ab
598
585
572
55f
54c
53a
528
516
504
4f2
4e0
4ce
4bd
4ac
49a
489
478
468
457
447
436
426
416
406
3f7
3e7
3d8
3c8
3b9
3aa
39c
38d
37e
370
362
354
346
338
32b
31d
310
303
2f6
2e9
2dd
2d0
2c4
2b8
2ac
2a0
294
288
27d
272
266
25b
251
246
23b
231
227
21c
212
208
1ff
1f5
1ec
1e2
1d9
1d0
1c7
1be
1b6
1ad
1a5
19d
194
18c
185
17d
175
16e
166
15f
158
151
14a
143
13c
136
12f
129
122
11c
116
110
10a
105
0ff
0fa
0f4
0ef
0ea
0e4
0df
0da
0d5
0d1
0cc
0c7
0c3
0be
0ba
0b6
0b2
0ae
0aa
0a6
0a2
09e
09a
097
093
090
08c
089
085
082
07f
07c
079
076
073
070
06d
06b
068
066
063
060
05e
05c
059
057
055
053
051
04e
04c
04a
048
047
045
043
041
03f
03e
03c
03a
039
037
036
034
033
032
030
02f
02e
02c
02b
02a
029
028
027
025
024
023
022
021
020
01f
01f
01e
01d
01c
01b
01a
01a
019
018
017
017
016
015
015
014
014
013
012
012
011
011
010
010
00f
00f
00e
00e
00d
00d
00d
00c
00c
00b
00b
00b
00a
00a
00a
009
009
009
009
008
008
008
008
007
007
007
007
006
006
006
006
006
005
005
005
005
005
005
004
004
004
004
004
004
004
003
003
003
003
003
003
003
003
003
002
002
002
002
002
002
002
002
002
002
002
002
002
002
001
001
001
001
001
001
001
001
001
001
001
001
001
001
001
001
001
001
001
001
001
001
001
001
001
001
001
001
001
000
000
000
000
000
000
000
000
000
000
000
000
000
000
000
000
000
000
000
000
000
000
000
000
000
000
000
000
000
000
000
000
000
000
000
000
000
000
000
000
000
000
000
000
000
000
000
000
000
000
000
000
000
000
000
000
000
000
000
000
000
000
000
000
000
000
000
000
000
000
000
000
000
000
000
000
000
000
000
000
000
000
000
000
000
000
000
000
000
000
000
000
000
000
000
000
000
000
000
000
000
000
000
000
000
000
000
000
000
000
000
000
000
000
000
000
000
000
000
000
000
000
000
000
000
000
000
000
000
000
000
000
000
000
000
000
000
000
000
000
000
000
000
000
000
000
000
000
000
000
000
000
000
000
000
000
000
000
000
000
000
000
000
000
000
000
000
000
000
000
000
000
000
000
000
000
000
000
000
000
000
000
000
000
000
000
000
000
000
000
000
000
000
000
000
000
000
000
000
000
000
000
000
000
000
000
000
000
000
000
000
000
000
000
000
000
000
000
000
000
000
000
000
000
000
000
000
000
000
000
000
000
000
000
000
000
000
000
000
000
000
000
000
000
000
000
000
000
000
000
000
000
000
000
000
000
000
000
000
000
000
000
000
000
000
000
000
000
000
000
000
000
000
000
000
000
000
000
000
000
000
000
000
000
000
000
000
000
000
000
000
000
000
000
000
000
000
000
000
000
000
000
000
000
000
000
000
000
000
000
000
000
000
000
000
000
000
000
000
000
000
000
000
000
000
000
000
000
000
000
000
000
000
000
000
000
000
000
000
000
000
000
000
000
000
000
000
000
000
000
000
000
000
000
000
000
000
000
000
000
000
000
000
000
000
000
000
000
000
000
000
000
000
000
000
000
000
000
000
000
000
000
000
000
000
000
000
000
000
000
000
000
000
000
000
000
000
000
000
000
000
000
000
000
000
000
000
000
000
000
000
000
000
000
000
000
000
000
000
000
000
000
000
000
000
000
000
000
000
000
000
000
000
000
000
000
000
000
000
000
000
000
000
000
000
000
000
000
000
000
000
000
000
000
000
000
000
000
000
000
000
000
000
000
000
000
000
000
000
000
000
000
000
000
000
000
000
000
000
000
000
000
000
000
000
000
000
000
000
000
000
000
000
000
000
000
000
000
000
000
000
000
000
000
000
000
000
000
000
000
000
000
000
000
000
000
000
000
000
000
000
000
000
000
000
000
000
000
000
000
000
000
000
000
000
000
000
000
000
000
000
000
000
000
000
000
000
000
000
000
000
000
000
000
000
000
000
000
000
000
000
000
000
000
000
000
000
000
000
000
000
000
000
000
000
000
000
000
000
000
000
000
000
000
000
000
000
000
000
000
000
000
000
000
000
000
000
000
000
000
000
000
000
000
000
000
000
000
000
000
000
000
000
000
000
000
000
000
000
000
000
000
000
000
000
000
000
000
000
000
000
000
000
000
000
000
000
000
000
000
000
000
000
000
000
000
000
000
000
