000
000
000
000
000
000
000
000
000
000
000
000
000
000
000
000
000
000
000
000
000
000
000
000
000
000
000
000
000
000
000
000
000
000
000
000
000
000
000
000
000
000
000
000
000
000
000
000
000
000
000
000
000
000
000
000
000
000
000
000
000
000
000
000
000
000
000
000
000
000
000
000
000
000
000
000
000
000
000
000
000
000
000
000
000
000
000
000
000
000
000
000
000
000
000
000
000
000
000
000
000
000
000
000
000
000
000
000
000
000
000
000
000
000
000
000
000
000
000
000
000
000
000
000
000
000
000
000
000
000
000
000
000
000
000
000
000
000
000
000
000
000
000
000
000
000
000
000
000
000
000
000
000
000
000
000
000
000
000
000
000
000
000
000
000
000
000
000
000
000
000
000
000
000
000
000
000
000
000
000
000
000
000
000
000
000
000
000
000
000
000
000
000
000
000
000
000
000
000
000
000
000
000
000
000
000
000
000
000
000
000
000
000
000
000
000
000
000
000
000
000
000
000
000
000
000
000
000
000
000
000
000
000
000
000
000
000
000
000
000
000
000
000
000
000
000
000
000
000
000
000
000
000
000
000
000
000
000
000
000
000
000
000
000
000
000
000
000
000
000
000
000
000
000
000
000
000
000
000
000
000
000
000
000
000
000
000
000
000
000
000
000
000
000
000
000
000
000
000
000
000
000
000
000
000
000
000
000
000
000
000
000
000
000
000
000
000
000
000
000
000
000
000
000
000
000
000
000
000
000
000
000
000
000
000
000
000
000
000
000
000
000
000
000
000
000
000
000
000
000
000
000
000
000
000
000
000
000
000
000
000
000
000
000
000
000
000
000
000
000
000
000
000
000
000
000
000
000
000
000
000
000
000
000
000
000
000
000
000
000
000
000
000
000
000
000
000
000
000
000
000
000
000
000
000
000
000
000
000
000
000
000
000
000
000
000
000
000
000
000
000
000
000
000
000
000
000
000
000
000
000
000
000
000
000
000
000
000
000
000
000
000
000
000
000
000
000
000
000
000
000
000
000
000
000
000
000
000
000
000
000
000
000
000
000
000
000
000
000
000
000
000
000
000
000
000
000
000
000
000
000
000
000
000
000
000
000
000
000
000
000
000
000
000
000
000
000
000
000
000
000
000
000
000
000
000
000
000
000
000
000
000
000
000
000
000
000
000
000
000
000
000
000
000
000
000
000
000
000
000
000
000
000
000
000
000
000
000
000
000
000
000
000
000
000
000
000
000
000
000
000
000
000
000
000
000
000
000
000
000
000
000
000
000
000
000
000
000
000
000
000
000
000
000
000
000
000
000
000
000
000
000
000
000
000
000
000
000
000
000
000
000
000
000
000
000
000
000
000
000
000
000
000
000
000
000
000
000
000
000
000
000
000
000
000
000
000
000
000
000
000
000
000
000
000
000
000
000
000
000
000
000
000
000
000
000
000
000
000
000
000
000
000
000
001
001
001
001
001
001
001
001
001
001
001
001
001
001
001
001
001
001
001
001
001
001
001
001
001
001
001
001
001
002
002
002
002
002
002
002
002
002
002
002
002
002
002
003
003
003
003
003
003
003
003
003
003
004
004
004
004
004
004
004
005
005
005
005
005
005
006
006
006
006
006
007
007
007
007
008
008
008
008
009
009
009
00a
00a
00a
00a
00b
00b
00c
00c
00c
00d
00d
00e
00e
00e
00f
00f
010
010
011
011
012
012
013
014
014
015
015
016
017
017
018
019
01a
01a
01b
01c
01d
01e
01e
01f
020
021
022
023
024
025
026
027
028
02a
02b
02c
02d
02e
030
031
032
034
035
037
038
03a
03b
03d
03f
040
042
044
046
047
049
04b
04d
04f
051
054
056
058
05a
05d
05f
061
064
066
069
06c
06e
071
074
077
07a
07d
080
083
086
089
08d
090
094
097
09b
09e
0a2
0a6
0aa
0ae
0b2
0b6
0ba
0bf
0c3
0c7
0cc
0d1
0d5
0da
0df
0e4
0e9
0ee
0f4
0f9
0fe
104
10a
10f
115
11b
121
128
12e
134
13b
141
148
14f
156
15d
164
16b
173
17a
182
18a
191
199
1a2
1aa
1b2
1bb
1c3
1cc
1d5
1de
1e7
1f0
1fa
203
20d
217
221
22b
235
240
24a
255
260
26a
276
281
28c
298
2a3
2af
2bb
2c7
2d3
2e0
2ec
2f9
306
313
320
32d
33b
348
356
364
372
380
38e
39d
3ac
3ba
3c9
3d8
3e8
3f7
406
416
426
436
446
456
467
477
488
499
4aa
4bb
4cc
4dd
4ef
501
512
524
536
549
55b
56d
580
593
5a6
5b9
5cc
5df
5f2
606
619
62d
641
654
668
67c
691
6a5
6b9
6ce
6e2
6f7
70c
721
736
74b
760
775
78a
79f
7b5
7ca
7df
7f5
80b
820
836
84c
861
877
88d
8a3
8b9
8cf
8e4
8fa
910
926
93c
952
968
97e
994
9aa
9c0
9d6
9ec
a01
a17
a2d
a43
a58
a6e
a83
a99
aae
ac4
ad9
aee
b03
b18
b2d
b42
b57
b6c
b80
b95
ba9
bbd
bd1
be5
bf9
c0d
c21
c34
c47
c5a
c6d
c80
c93
ca5
cb7
cca
cdb
ced
cff
d10
d21
d32
d43
d54
d64
d74
d84
d93
da3
db2
dc1
dd0
dde
dec
dfa
e08
e16
e23
e30
e3c
e49
e55
e61
e6c
e78
e83
e8d
e98
ea2
eac
eb5
ebf
ec8
ed0
ed8
ee0
ee8
ef0
ef7
efd
f04
f0a
f10
f15
f1a
f1f
f24
f28
f2c
f2f
f32
f35
f38
f3a
f3c
f3d
f3e
f3f
f40
f40
f40
f3f
f3e
f3d
f3c
f3a
f38
f35
f32
f2f
f2c
f28
f24
f1f
f1a
f15
f10
f0a
f04
efd
ef7
ef0
ee8
ee0
ed8
ed0
ec8
ebf
eb5
eac
ea2
e98
e8d
e83
e78
e6c
e61
e55
e49
e3c
e30
e23
e16
e08
dfa
dec
dde
dd0
dc1
db2
da3
d93
d84
d74
d64
d54
d43
d32
d21
d10
cff
ced
cdb
cca
cb7
ca5
c93
c80
c6d
c5a
c47
c34
c21
c0d
bf9
be5
bd1
bbd
ba9
b95
b80
b6c
b57
b42
b2d
b18
b03
aee
ad9
ac4
aae
a99
a83
a6e
a58
a43
a2d
a17
a01
9ec
9d6
9c0
9aa
994
97e
968
952
93c
926
910
8fa
8e4
8cf
8b9
8a3
88d
877
861
84c
836
820
80b
7f5
7df
7ca
7b5
79f
78a
775
760
74b
736
721
70c
6f7
6e2
6ce
6b9
6a5
691
67c
668
654
641
62d
619
606
5f2
5df
5cc
5b9
5a6
593
580
56d
55b
549
536
524
512
501
4ef
4dd
4cc
4bb
4aa
499
488
477
467
456
446
436
426
416
406
3f7
3e8
3d8
3c9
3ba
3ac
39d
38e
380
372
364
356
348
33b
32d
320
313
306
2f9
2ec
2e0
2d3
2c7
2bb
2af
2a3
298
28c
281
276
26a
260
255
24a
240
235
22b
221
217
20d
203
1fa
1f0
1e7
1de
1d5
1cc
1c3
1bb
1b2
1aa
1a2
199
191
18a
182
17a
173
16b
164
15d
156
14f
148
141
13b
134
12e
128
121
11b
115
10f
10a
104
0fe
0f9
0f4
0ee
0e9
0e4
0df
0da
0d5
0d1
0cc
0c7
0c3
0bf
0ba
0b6
0b2
0ae
0aa
0a6
0a2
09e
09b
097
094
090
08d
089
086
083
080
07d
07a
077
074
071
06e
06c
069
066
064
061
05f
05d
05a
058
056
054
051
04f
04d
04b
049
047
046
044
042
040
03f
03d
03b
03a
038
037
035
034
032
031
030
02e
02d
02c
02b
02a
028
027
026
025
024
023
022
021
020
01f
01e
01e
01d
01c
01b
01a
01a
019
018
017
017
016
015
015
014
014
013
012
012
011
011
010
010
00f
00f
00e
00e
00e
00d
00d
00c
00c
00c
00b
00b
00a
00a
00a
00a
009
009
009
008
008
008
008
007
007
007
007
006
006
006
006
006
005
005
005
005
005
005
004
004
004
004
004
004
004
003
003
003
003
003
003
003
003
003
003
002
002
002
002
002
002
002
002
002
002
002
002
002
002
001
001
001
001
001
001
001
001
001
001
001
001
001
001
001
001
001
001
001
001
001
001
001
001
001
001
001
001
001
000
000
000
000
000
000
000
000
000
000
000
000
000
000
000
000
000
000
000
000
000
000
000
000
000
000
000
000
000
000
000
000
000
000
000
000
000
000
000
000
000
000
000
000
000
000
000
000
000
000
000
000
000
000
000
000
000
000
000
000
000
000
000
000
000
000
000
000
000
000
000
000
000
000
000
000
000
000
000
000
000
000
000
000
000
000
000
000
000
000
000
000
000
000
000
000
000
000
000
000
000
000
000
000
000
000
000
000
000
000
000
000
000
000
000
000
000
000
000
000
000
000
000
000
000
000
000
000
000
000
000
000
000
000
000
000
000
000
000
000
000
000
000
000
000
000
000
000
000
000
000
000
000
000
000
000
000
000
000
000
000
000
000
000
000
000
000
000
000
000
000
000
000
000
000
000
000
000
000
000
000
000
000
000
000
000
000
000
000
000
000
000
000
000
000
000
000
000
000
000
000
000
000
000
000
000
000
000
000
000
000
000
000
000
000
000
000
000
000
000
000
000
000
000
000
000
000
000
000
000
000
000
000
000
000
000
000
000
000
000
000
000
000
000
000
000
000
000
000
000
000
000
000
000
000
000
000
000
000
000
000
000
000
000
000
000
000
000
000
000
000
000
000
000
000
000
000
000
000
000
000
000
000
000
000
000
000
000
000
000
000
000
000
000
000
000
000
000
000
000
000
000
000
000
000
000
000
000
000
000
000
000
000
000
000
000
000
000
000
000
000
000
000
000
000
000
000
000
000
000
000
000
000
000
000
000
000
000
000
000
000
000
000
000
000
000
000
000
000
000
000
000
000
000
000
000
000
000
000
000
000
000
000
000
000
000
000
000
000
000
000
000
000
000
000
000
000
000
000
000
000
000
000
000
000
000
000
000
000
000
000
000
000
000
000
000
000
000
000
000
000
000
000
000
000
000
000
000
000
000
000
000
000
000
000
000
000
000
000
000
000
000
000
000
000
000
000
000
000
000
000
000
000
000
000
000
000
000
000
000
000
000
000
000
000
000
000
000
000
000
000
000
000
000
000
000
000
000
000
000
000
000
000
000
000
000
000
000
000
000
000
000
000
000
000
000
000
000
000
000
000
000
000
000
000
000
000
000
000
000
000
000
000
000
000
000
000
000
000
000
000
000
000
000
000
000
000
000
000
000
000
000
000
000
000
000
000
000
000
000
000
000
000
000
000
000
000
000
000
000
000
000
000
000
000
000
000
000
000
000
000
000
000
000
000
000
000
000
000
000
000
000
000
000
000
000
000
000
000
000
000
000
000
000
000
000
000
000
000
000
000
000
000
000
000
000
000
000
000
000
000
000
000
000
000
000
000
000
000
000
000
000
000
000
000
000
000
000
000
000
000
000
000
000
000
000
000
000
000
000
000
000
000
000
000
000
000
000
000
000
000
000
000
000
000
000
000
000
000
000
000
000
000
000
000
000
000
000
000
000
000
000
000
000
