000
000
000
000
000
000
000
000
000
000
000
000
000
000
000
000
000
000
000
000
000
000
000
000
000
000
000
000
000
000
000
000
000
000
000
000
000
000
000
000
000
000
000
000
000
000
000
000
000
000
000
000
000
000
000
000
000
000
000
000
000
000
000
000
000
000
000
000
000
000
000
000
000
000
000
000
000
000
000
000
000
000
000
000
000
000
000
000
000
000
000
000
000
000
000
000
000
000
000
000
000
000
000
000
000
000
000
000
000
000
000
000
000
000
000
000
000
000
000
000
000
000
000
000
000
000
000
000
000
000
000
000
000
000
000
000
000
000
000
000
000
000
000
000
000
000
000
000
000
000
000
000
000
000
000
000
000
000
000
000
000
000
000
000
000
000
000
000
000
000
000
000
000
000
000
000
000
000
000
000
000
000
000
000
000
000
000
000
000
000
000
000
000
000
000
000
000
000
000
000
000
000
000
000
000
000
000
000
000
000
000
000
000
000
000
000
000
000
000
000
000
000
000
000
000
000
000
000
000
000
000
000
000
000
000
000
000
000
000
000
000
000
000
000
000
000
000
000
000
000
000
000
000
000
000
000
000
000
000
000
000
000
000
000
000
000
000
000
000
000
000
000
000
000
000
000
000
000
000
000
000
000
000
000
000
000
000
000
000
000
000
000
000
000
000
000
000
000
000
000
000
000
000
000
000
000
000
000
000
000
000
000
000
000
000
000
000
000
000
000
000
000
000
000
000
000
000
000
000
000
000
000
000
000
000
000
000
000
000
000
000
000
000
000
000
000
000
000
000
000
000
000
000
000
000
000
000
000
000
000
000
000
000
000
000
000
000
000
000
000
000
000
000
000
000
000
000
000
000
000
000
000
000
000
000
000
000
000
000
000
000
000
000
000
000
000
000
000
000
000
000
000
000
000
000
000
000
000
000
000
000
000
000
000
000
000
000
000
000
000
000
000
000
000
000
000
000
000
000
000
000
000
000
000
000
000
000
000
000
000
000
000
000
000
000
000
000
000
000
000
000
000
000
000
000
000
000
000
000
000
000
000
000
000
000
000
000
000
000
000
000
000
000
000
000
000
000
000
000
000
000
000
000
000
000
000
000
000
000
000
000
000
000
000
000
000
000
000
000
000
000
000
000
000
000
000
000
000
000
000
000
000
000
000
000
000
000
000
000
000
000
000
000
000
000
000
000
000
000
000
000
000
000
000
000
000
000
000
000
000
000
000
000
000
000
000
000
000
000
000
000
000
000
000
000
000
000
000
000
000
000
000
000
000
000
000
000
000
000
000
000
000
000
000
000
000
000
000
000
000
000
000
000
000
000
000
000
000
000
000
000
000
000
000
000
000
000
000
000
000
000
000
000
000
000
000
000
000
000
000
000
000
000
000
000
000
000
000
000
000
000
000
000
000
000
000
000
000
000
000
000
000
000
000
000
000
000
000
000
000
000
000
000
000
000
000
000
000
000
000
000
000
000
000
000
000
000
000
000
000
000
000
000
000
001
001
001
001
001
001
001
001
001
001
001
001
001
001
001
001
001
001
001
001
001
001
001
001
001
001
001
002
002
002
002
002
002
002
002
002
002
002
002
002
002
003
003
003
003
003
003
003
003
003
004
004
004
004
004
004
004
005
005
005
005
005
005
006
006
006
006
006
007
007
007
007
008
008
008
009
009
009
009
00a
00a
00a
00b
00b
00c
00c
00c
00d
00d
00e
00e
00f
00f
00f
010
011
011
012
012
013
013
014
015
015
016
017
017
018
019
01a
01a
01b
01c
01d
01e
01f
020
021
022
023
024
025
026
027
028
029
02b
02c
02d
02f
030
031
033
034
036
037
039
03a
03c
03e
040
041
043
045
047
049
04b
04d
04f
051
054
056
058
05b
05d
05f
062
065
067
06a
06d
070
073
076
079
07c
07f
082
085
089
08c
090
094
097
09b
09f
0a3
0a7
0ab
0af
0b3
0b8
0bc
0c1
0c5
0ca
0cf
0d4
0d9
0de
0e3
0e8
0ee
0f3
0f9
0ff
104
10a
110
117
11d
123
12a
130
137
13e
145
14c
153
15b
162
16a
171
179
181
189
191
19a
1a2
1ab
1b4
1bd
1c6
1cf
1d8
1e2
1eb
1f5
1ff
209
213
21e
228
233
23e
249
254
25f
26a
276
282
28e
29a
2a6
2b2
2bf
2cc
2d8
2e5
2f3
300
30d
31b
329
337
345
353
362
371
37f
38e
39e
3ad
3bc
3cc
3dc
3ec
3fc
40c
41d
42d
43e
44f
460
471
483
494
4a6
4b8
4ca
4dc
4ee
501
513
526
539
54c
55f
572
586
59a
5ad
5c1
5d5
5e9
5fe
612
626
63b
650
665
67a
68f
6a4
6b9
6cf
6e4
6fa
710
725
73b
751
767
77d
794
7aa
7c0
7d7
7ed
804
81a
831
848
85e
875
88c
8a3
8ba
8d0
8e7
8fe
915
92c
943
95a
971
988
99f
9b6
9cd
9e4
9fa
a11
a28
a3f
a55
a6c
a82
a99
aaf
ac6
adc
af2
b08
b1e
b34
b4a
b60
b75
b8b
ba0
bb5
bca
bdf
bf4
c08
c1d
c31
c45
c59
c6d
c81
c94
ca8
cbb
cce
ce0
cf3
d05
d17
d29
d3b
d4c
d5d
d6e
d7f
d8f
d9f
daf
dbf
dce
dde
dec
dfb
e09
e17
e25
e33
e40
e4d
e59
e66
e72
e7d
e89
e94
e9e
ea9
eb3
ebd
ec6
ecf
ed8
ee0
ee8
ef0
ef7
efe
f05
f0b
f11
f17
f1c
f21
f26
f2a
f2e
f31
f34
f37
f39
f3b
f3d
f3e
f3f
f40
f40
f40
f3f
f3e
f3d
f3b
f39
f37
f34
f31
f2e
f2a
f26
f21
f1c
f17
f11
f0b
f05
efe
ef7
ef0
ee8
ee0
ed8
ecf
ec6
ebd
eb3
ea9
e9e
e94
e89
e7d
e72
e66
e59
e4d
e40
e33
e25
e17
e09
dfb
dec
dde
dce
dbf
daf
d9f
d8f
d7f
d6e
d5d
d4c
d3b
d29
d17
d05
cf3
ce0
cce
cbb
ca8
c94
c81
c6d
c59
c45
c31
c1d
c08
bf4
bdf
bca
bb5
ba0
b8b
b75
b60
b4a
b34
b1e
b08
af2
adc
ac6
aaf
a99
a82
a6c
a55
a3f
a28
a11
9fa
9e4
9cd
9b6
99f
988
971
95a
943
92c
915
8fe
8e7
8d0
8ba
8a3
88c
875
85e
848
831
81a
804
7ed
7d7
7c0
7aa
794
77d
767
751
73b
725
710
6fa
6e4
6cf
6b9
6a4
68f
67a
665
650
63b
626
612
5fe
5e9
5d5
5c1
5ad
59a
586
572
55f
54c
539
526
513
501
4ee
4dc
4ca
4b8
4a6
494
483
471
460
44f
43e
42d
41d
40c
3fc
3ec
3dc
3cc
3bc
3ad
39e
38e
37f
371
362
353
345
337
329
31b
30d
300
2f3
2e5
2d8
2cc
2bf
2b2
2a6
29a
28e
282
276
26a
25f
254
249
23e
233
228
21e
213
209
1ff
1f5
1eb
1e2
1d8
1cf
1c6
1bd
1b4
1ab
1a2
19a
191
189
181
179
171
16a
162
15b
153
14c
145
13e
137
130
12a
123
11d
117
110
10a
104
0ff
0f9
0f3
0ee
0e8
0e3
0de
0d9
0d4
0cf
0ca
0c5
0c1
0bc
0b8
0b3
0af
0ab
0a7
0a3
09f
09b
097
094
090
08c
089
085
082
07f
07c
079
076
073
070
06d
06a
067
065
062
05f
05d
05b
058
056
054
051
04f
04d
04b
049
047
045
043
041
040
03e
03c
03a
039
037
036
034
033
031
030
02f
02d
02c
02b
029
028
027
026
025
024
023
022
021
020
01f
01e
01d
01c
01b
01a
01a
019
018
017
017
016
015
015
014
013
013
012
012
011
011
010
00f
00f
00f
00e
00e
00d
00d
00c
00c
00c
00b
00b
00a
00a
00a
009
009
009
009
008
008
008
007
007
007
007
006
006
006
006
006
005
005
005
005
005
005
004
004
004
004
004
004
004
003
003
003
003
003
003
003
003
003
002
002
002
002
002
002
002
002
002
002
002
002
002
002
001
001
001
001
001
001
001
001
001
001
001
001
001
001
001
001
001
001
001
001
001
001
001
001
001
001
001
000
000
000
000
000
000
000
000
000
000
000
000
000
000
000
000
000
000
000
000
000
000
000
000
000
000
000
000
000
000
000
000
000
000
000
000
000
000
000
000
000
000
000
000
000
000
000
000
000
000
000
000
000
000
000
000
000
000
000
000
000
000
000
000
000
000
000
000
000
000
000
000
000
000
000
000
000
000
000
000
000
000
000
000
000
000
000
000
000
000
000
000
000
000
000
000
000
000
000
000
000
000
000
000
000
000
000
000
000
000
000
000
000
000
000
000
000
000
000
000
000
000
000
000
000
000
000
000
000
000
000
000
000
000
000
000
000
000
000
000
000
000
000
000
000
000
000
000
000
000
000
000
000
000
000
000
000
000
000
000
000
000
000
000
000
000
000
000
000
000
000
000
000
000
000
000
000
000
000
000
000
000
000
000
000
000
000
000
000
000
000
000
000
000
000
000
000
000
000
000
000
000
000
000
000
000
000
000
000
000
000
000
000
000
000
000
000
000
000
000
000
000
000
000
000
000
000
000
000
000
000
000
000
000
000
000
000
000
000
000
000
000
000
000
000
000
000
000
000
000
000
000
000
000
000
000
000
000
000
000
000
000
000
000
000
000
000
000
000
000
000
000
000
000
000
000
000
000
000
000
000
000
000
000
000
000
000
000
000
000
000
000
000
000
000
000
000
000
000
000
000
000
000
000
000
000
000
000
000
000
000
000
000
000
000
000
000
000
000
000
000
000
000
000
000
000
000
000
000
000
000
000
000
000
000
000
000
000
000
000
000
000
000
000
000
000
000
000
000
000
000
000
000
000
000
000
000
000
000
000
000
000
000
000
000
000
000
000
000
000
000
000
000
000
000
000
000
000
000
000
000
000
000
000
000
000
000
000
000
000
000
000
000
000
000
000
000
000
000
000
000
000
000
000
000
000
000
000
000
000
000
000
000
000
000
000
000
000
000
000
000
000
000
000
000
000
000
000
000
000
000
000
000
000
000
000
000
000
000
000
000
000
000
000
000
000
000
000
000
000
000
000
000
000
000
000
000
000
000
000
000
000
000
000
000
000
000
000
000
000
000
000
000
000
000
000
000
000
000
000
000
000
000
000
000
000
000
000
000
000
000
000
000
000
000
000
000
000
000
000
000
000
000
000
000
000
000
000
000
000
000
000
000
000
000
000
000
000
000
000
000
000
000
000
000
000
000
000
000
000
000
000
000
000
000
000
000
000
000
000
000
000
000
000
000
000
000
000
000
000
000
000
000
000
000
000
000
000
000
000
000
000
000
000
000
000
000
000
000
000
000
000
000
000
000
000
000
000
000
000
000
000
000
000
000
000
000
000
000
000
000
000
000
000
000
000
000
000
000
000
000
000
000
000
000
000
000
000
000
000
000
000
000
000
000
000
000
000
000
000
000
000
000
000
000
000
000
000
000
000
000
000
000
000
000
000
000
000
000
000
000
000
000
000
000
000
000
000
000
000
000
000
000
000
000
000
000
000
000
000
000
000
000
000
