000
000
000
000
000
000
000
000
000
000
000
000
000
000
000
000
000
000
000
000
000
000
000
000
000
000
000
000
000
000
000
000
000
000
000
000
000
000
000
000
000
000
000
000
000
000
000
000
000
000
000
000
000
000
000
000
000
000
000
000
000
000
000
000
000
000
000
000
000
000
000
000
000
000
000
000
000
000
000
000
000
000
000
000
000
000
000
000
000
000
000
000
000
000
000
000
000
000
000
000
000
000
000
000
000
000
000
000
000
000
000
000
000
000
000
000
000
000
000
000
000
000
000
000
000
000
000
000
000
000
000
000
000
000
000
000
000
000
000
000
000
000
000
000
000
000
000
000
000
000
000
000
000
000
000
000
000
000
000
000
000
000
000
000
000
000
000
000
000
000
000
000
000
000
000
000
000
000
000
000
000
000
000
000
000
000
000
000
000
000
000
000
000
000
000
000
000
000
000
000
000
000
000
000
000
000
000
000
000
000
000
000
000
000
000
000
000
000
000
000
000
000
000
000
000
000
000
000
000
000
000
000
000
000
000
000
000
000
000
000
000
000
000
000
000
000
000
000
000
000
000
000
000
000
000
000
000
000
000
000
000
000
000
000
000
000
000
000
000
000
000
000
000
000
000
000
000
000
000
000
000
000
000
000
000
000
000
000
000
000
000
000
000
000
000
000
000
000
000
000
000
000
000
000
000
000
000
000
000
000
000
000
000
000
000
000
000
000
000
000
000
000
000
000
000
000
000
000
000
000
000
000
000
000
000
000
000
000
000
000
000
000
000
000
000
000
000
000
000
000
000
000
000
000
000
000
000
000
000
000
000
000
000
000
000
000
000
000
000
000
000
000
000
000
000
000
000
000
000
000
000
000
000
000
000
000
000
000
000
000
000
000
000
000
000
000
000
000
000
000
000
000
000
000
000
000
000
000
000
000
000
000
000
000
000
000
000
000
000
000
000
000
000
000
000
000
000
000
000
000
000
000
000
000
000
000
000
000
000
000
000
000
000
000
000
000
000
000
000
000
000
000
000
000
000
000
000
000
000
000
000
000
000
000
000
000
000
000
000
000
000
000
000
000
000
000
000
000
000
000
000
000
000
000
000
000
000
000
000
000
000
000
000
000
000
000
000
000
000
000
000
000
000
000
000
000
000
000
000
000
000
000
000
000
000
000
000
000
000
000
000
000
000
000
000
000
000
000
000
000
000
000
000
000
000
000
000
000
000
000
000
000
000
000
000
000
000
000
000
000
000
000
000
000
000
000
000
000
000
000
000
000
000
000
000
000
000
000
000
000
000
000
000
000
000
000
000
000
000
000
000
000
000
000
000
000
000
000
000
000
000
000
000
000
000
000
000
000
000
000
000
000
000
000
000
000
000
000
000
000
000
000
000
000
000
000
000
000
000
000
000
000
000
000
000
000
000
000
000
000
000
000
000
000
000
000
000
000
000
000
000
000
000
000
000
000
000
000
000
000
000
000
000
000
000
000
000
000
000
000
000
000
000
000
000
000
000
000
000
000
000
000
000
000
000
000
000
001
001
001
001
001
001
001
001
001
001
001
001
001
001
001
001
001
001
001
001
001
001
001
001
001
001
001
002
002
002
002
002
002
002
002
002
002
002
002
002
003
003
003
003
003
003
003
003
003
004
004
004
004
004
004
004
005
005
005
005
005
006
006
006
006
006
007
007
007
007
008
008
008
009
009
009
009
00a
00a
00b
00b
00b
00c
00c
00c
00d
00d
00e
00e
00f
00f
010
010
011
011
012
013
013
014
015
015
016
017
017
018
019
01a
01a
01b
01c
01d
01e
01f
020
021
022
023
024
025
026
028
029
02a
02b
02d
02e
02f
031
032
034
035
037
039
03a
03c
03e
040
041
043
045
047
049
04b
04d
050
052
054
057
059
05b
05e
061
063
066
069
06c
06f
072
075
078
07b
07e
082
085
088
08c
090
093
097
09b
09f
0a3
0a7
0ac
0b0
0b4
0b9
0bd
0c2
0c7
0cc
0d1
0d6
0db
0e0
0e6
0eb
0f1
0f7
0fd
103
109
10f
115
11c
122
129
130
137
13e
145
14c
154
15b
163
16b
173
17b
183
18b
194
19d
1a5
1ae
1b8
1c1
1ca
1d4
1dd
1e7
1f1
1fc
206
210
21b
226
231
23c
247
253
25e
26a
276
282
28e
29b
2a7
2b4
2c1
2ce
2dc
2e9
2f7
305
313
321
32f
33e
34c
35b
36a
379
389
398
3a8
3b8
3c8
3d8
3e9
3f9
40a
41b
42c
43d
44f
461
472
484
496
4a9
4bb
4ce
4e1
4f3
507
51a
52d
541
554
568
57c
590
5a5
5b9
5ce
5e3
5f7
60c
621
637
64c
662
677
68d
6a3
6b9
6cf
6e5
6fb
712
728
73f
756
76c
783
79a
7b1
7c8
7df
7f6
80e
825
83c
854
86b
883
89a
8b2
8ca
8e1
8f9
911
928
940
958
96f
987
99f
9b6
9ce
9e5
9fd
a14
a2c
a43
a5b
a72
a89
aa0
ab7
ace
ae5
afc
b13
b2a
b40
b56
b6d
b83
b99
baf
bc5
bda
bf0
c05
c1a
c2f
c44
c59
c6d
c81
c95
ca9
cbd
cd0
ce4
cf7
d09
d1c
d2e
d40
d52
d64
d75
d86
d97
da8
db8
dc8
dd8
de7
df6
e05
e14
e22
e30
e3e
e4b
e58
e65
e71
e7d
e89
e94
e9f
eaa
eb4
ebe
ec8
ed1
eda
ee3
eeb
ef3
efa
f01
f08
f0e
f14
f1a
f1f
f24
f28
f2d
f30
f34
f36
f39
f3b
f3d
f3e
f3f
f40
f40
f40
f3f
f3e
f3d
f3b
f39
f36
f34
f30
f2d
f28
f24
f1f
f1a
f14
f0e
f08
f01
efa
ef3
eeb
ee3
eda
ed1
ec8
ebe
eb4
eaa
e9f
e94
e89
e7d
e71
e65
e58
e4b
e3e
e30
e22
e14
e05
df6
de7
dd8
dc8
db8
da8
d97
d86
d75
d64
d52
d40
d2e
d1c
d09
cf7
ce4
cd0
cbd
ca9
c95
c81
c6d
c59
c44
c2f
c1a
c05
bf0
bda
bc5
baf
b99
b83
b6d
b56
b40
b2a
b13
afc
ae5
ace
ab7
aa0
a89
a72
a5b
a43
a2c
a14
9fd
9e5
9ce
9b6
99f
987
96f
958
940
928
911
8f9
8e1
8ca
8b2
89a
883
86b
854
83c
825
80e
7f6
7df
7c8
7b1
79a
783
76c
756
73f
728
712
6fb
6e5
6cf
6b9
6a3
68d
677
662
64c
637
621
60c
5f7
5e3
5ce
5b9
5a5
590
57c
568
554
541
52d
51a
507
4f3
4e1
4ce
4bb
4a9
496
484
472
461
44f
43d
42c
41b
40a
3f9
3e9
3d8
3c8
3b8
3a8
398
389
379
36a
35b
34c
33e
32f
321
313
305
2f7
2e9
2dc
2ce
2c1
2b4
2a7
29b
28e
282
276
26a
25e
253
247
23c
231
226
21b
210
206
1fc
1f1
1e7
1dd
1d4
1ca
1c1
1b8
1ae
1a5
19d
194
18b
183
17b
173
16b
163
15b
154
14c
145
13e
137
130
129
122
11c
115
10f
109
103
0fd
0f7
0f1
0eb
0e6
0e0
0db
0d6
0d1
0cc
0c7
0c2
0bd
0b9
0b4
0b0
0ac
0a7
0a3
09f
09b
097
093
090
08c
088
085
082
07e
07b
078
075
072
06f
06c
069
066
063
061
05e
05b
059
057
054
052
050
04d
04b
049
047
045
043
041
040
03e
03c
03a
039
037
035
034
032
031
02f
02e
02d
02b
02a
029
028
026
025
024
023
022
021
020
01f
01e
01d
01c
01b
01a
01a
019
018
017
017
016
015
015
014
013
013
012
011
011
010
010
00f
00f
00e
00e
00d
00d
00c
00c
00c
00b
00b
00b
00a
00a
009
009
009
009
008
008
008
007
007
007
007
006
006
006
006
006
005
005
005
005
005
004
004
004
004
004
004
004
003
003
003
003
003
003
003
003
003
002
002
002
002
002
002
002
002
002
002
002
002
002
001
001
001
001
001
001
001
001
001
001
001
001
001
001
001
001
001
001
001
001
001
001
001
001
001
001
001
000
000
000
000
000
000
000
000
000
000
000
000
000
000
000
000
000
000
000
000
000
000
000
000
000
000
000
000
000
000
000
000
000
000
000
000
000
000
000
000
000
000
000
000
000
000
000
000
000
000
000
000
000
000
000
000
000
000
000
000
000
000
000
000
000
000
000
000
000
000
000
000
000
000
000
000
000
000
000
000
000
000
000
000
000
000
000
000
000
000
000
000
000
000
000
000
000
000
000
000
000
000
000
000
000
000
000
000
000
000
000
000
000
000
000
000
000
000
000
000
000
000
000
000
000
000
000
000
000
000
000
000
000
000
000
000
000
000
000
000
000
000
000
000
000
000
000
000
000
000
000
000
000
000
000
000
000
000
000
000
000
000
000
000
000
000
000
000
000
000
000
000
000
000
000
000
000
000
000
000
000
000
000
000
000
000
000
000
000
000
000
000
000
000
000
000
000
000
000
000
000
000
000
000
000
000
000
000
000
000
000
000
000
000
000
000
000
000
000
000
000
000
000
000
000
000
000
000
000
000
000
000
000
000
000
000
000
000
000
000
000
000
000
000
000
000
000
000
000
000
000
000
000
000
000
000
000
000
000
000
000
000
000
000
000
000
000
000
000
000
000
000
000
000
000
000
000
000
000
000
000
000
000
000
000
000
000
000
000
000
000
000
000
000
000
000
000
000
000
000
000
000
000
000
000
000
000
000
000
000
000
000
000
000
000
000
000
000
000
000
000
000
000
000
000
000
000
000
000
000
000
000
000
000
000
000
000
000
000
000
000
000
000
000
000
000
000
000
000
000
000
000
000
000
000
000
000
000
000
000
000
000
000
000
000
000
000
000
000
000
000
000
000
000
000
000
000
000
000
000
000
000
000
000
000
000
000
000
000
000
000
000
000
000
000
000
000
000
000
000
000
000
000
000
000
000
000
000
000
000
000
000
000
000
000
000
000
000
000
000
000
000
000
000
000
000
000
000
000
000
000
000
000
000
000
000
000
000
000
000
000
000
000
000
000
000
000
000
000
000
000
000
000
000
000
000
000
000
000
000
000
000
000
000
000
000
000
000
000
000
000
000
000
000
000
000
000
000
000
000
000
000
000
000
000
000
000
000
000
000
000
000
000
000
000
000
000
000
000
000
000
000
000
000
000
000
000
000
000
000
000
000
000
000
000
000
000
000
000
000
000
000
000
000
000
000
000
000
000
000
000
000
000
000
000
000
000
000
000
000
000
000
000
000
000
000
000
000
000
000
000
000
000
000
000
000
000
000
000
000
000
000
000
000
000
000
000
000
000
000
000
000
000
000
000
000
000
000
000
000
000
000
000
000
000
000
000
000
000
000
000
000
000
000
000
000
000
000
000
000
000
000
000
000
000
000
000
000
000
000
000
000
000
000
000
000
000
000
000
000
000
000
000
000
000
000
000
000
000
000
000
000
000
000
000
000
000
000
000
000
000
000
000
000
000
000
000
000
000
000
000
000
000
000
000
000
000
000
000
000
000
000
000
000
000
000
000
000
000
000
000
000
000
000
000
000
000
