000
000
000
000
000
000
000
000
000
000
000
000
000
000
000
000
000
000
000
000
000
000
000
000
000
000
000
000
000
000
000
000
000
000
000
000
000
000
000
000
000
000
000
000
000
000
000
000
000
000
000
000
000
000
000
000
000
000
000
000
000
000
000
000
000
000
000
000
000
000
000
000
000
000
000
000
000
000
000
000
000
000
000
000
000
000
000
000
000
000
000
000
000
000
000
000
000
000
000
000
000
000
000
000
000
000
000
000
000
000
000
000
000
000
000
000
000
000
000
000
000
000
000
000
000
000
000
000
000
000
000
000
000
000
000
000
000
000
000
000
000
000
000
000
000
000
000
000
000
000
000
000
000
000
000
000
000
000
000
000
000
000
000
000
000
000
000
000
000
000
000
000
000
000
000
000
000
000
000
000
000
000
000
000
000
000
000
000
000
000
000
000
000
000
000
000
000
000
000
000
000
000
000
000
000
000
000
000
000
000
000
000
000
000
000
000
000
000
000
000
000
000
000
000
000
000
000
000
000
000
000
000
000
000
000
000
000
000
000
000
000
000
000
000
000
000
000
000
000
000
000
000
000
000
000
000
000
000
000
000
000
000
000
000
000
000
000
000
000
000
000
000
000
000
000
000
000
000
000
000
000
000
000
000
000
000
000
000
000
000
000
000
000
000
000
000
000
000
000
000
000
000
000
000
000
000
000
000
000
000
000
000
000
000
000
000
000
000
000
000
000
000
000
000
000
000
000
000
000
000
000
000
000
000
000
000
000
000
000
000
000
000
000
000
000
000
000
000
000
000
000
000
000
000
000
000
000
000
000
000
000
000
000
000
000
000
000
000
000
000
000
000
000
000
000
000
000
000
000
000
000
000
000
000
000
000
000
000
000
000
000
000
000
000
000
000
000
000
000
000
000
000
000
000
000
000
000
000
000
000
000
000
000
000
000
000
000
000
000
000
000
000
000
000
000
000
000
000
000
000
000
000
000
000
000
000
000
000
000
000
000
000
000
000
000
000
000
000
000
000
000
000
000
000
000
000
000
000
000
000
000
000
000
000
000
000
000
000
000
000
000
000
000
000
000
000
001
001
001
001
001
001
001
001
001
001
001
001
001
001
001
001
001
001
001
001
001
001
001
001
001
001
001
001
001
001
001
001
001
001
001
001
001
001
001
001
002
002
002
002
002
002
002
002
002
002
002
002
002
002
002
002
002
002
002
003
003
003
003
003
003
003
003
003
003
003
003
003
004
004
004
004
004
004
004
004
004
004
005
005
005
005
005
005
005
005
006
006
006
006
006
006
006
007
007
007
007
007
007
008
008
008
008
008
009
009
009
009
009
00a
00a
00a
00a
00b
00b
00b
00b
00c
00c
00c
00c
00d
00d
00d
00e
00e
00e
00f
00f
00f
010
010
010
011
011
011
012
012
013
013
014
014
014
015
015
016
016
017
017
018
018
019
019
01a
01a
01b
01c
01c
01d
01d
01e
01f
01f
020
021
021
022
023
024
024
025
026
027
027
028
029
02a
02b
02c
02d
02d
02e
02f
030
031
032
033
034
035
036
038
039
03a
03b
03c
03d
03e
040
041
042
044
045
046
048
049
04a
04c
04d
04f
050
052
053
055
056
058
05a
05b
05d
05f
061
062
064
066
068
06a
06c
06e
070
072
074
076
078
07a
07d
07f
081
083
086
088
08b
08d
08f
092
095
097
09a
09c
09f
0a2
0a5
0a8
0aa
0ad
0b0
0b3
0b6
0b9
0bc
0c0
0c3
0c6
0c9
0cd
0d0
0d4
0d7
0db
0de
0e2
0e6
0e9
0ed
0f1
0f5
0f9
0fd
101
105
109
10d
111
116
11a
11e
123
127
12c
131
135
13a
13f
144
149
14e
153
158
15d
162
168
16d
172
178
17d
183
189
18e
194
19a
1a0
1a6
1ac
1b2
1b8
1bf
1c5
1cc
1d2
1d9
1df
1e6
1ed
1f3
1fa
201
208
210
217
21e
225
22d
234
23c
243
24b
253
25b
263
26b
273
27b
283
28c
294
29c
2a5
2ae
2b6
2bf
2c8
2d1
2da
2e3
2ec
2f6
2ff
308
312
31b
325
32f
339
343
34d
357
361
36b
375
380
38a
395
39f
3aa
3b5
3c0
3cb
3d6
3e1
3ec
3f7
402
40e
419
425
431
43c
448
454
460
46c
478
484
491
49d
4a9
4b6
4c3
4cf
4dc
4e9
4f6
502
510
51d
52a
537
544
552
55f
56d
57a
588
596
5a3
5b1
5bf
5cd
5db
5e9
5f7
606
614
622
631
63f
64e
65c
66b
679
688
697
6a6
6b5
6c4
6d3
6e2
6f1
700
70f
71e
72e
73d
74c
75c
76b
77b
78a
79a
7a9
7b9
7c9
7d8
7e8
7f8
808
817
827
837
847
857
867
877
887
897
8a7
8b7
8c7
8d7
8e7
8f7
907
917
927
937
947
957
967
977
987
997
9a7
9b7
9c7
9d7
9e7
9f7
a07
a17
a27
a37
a47
a57
a66
a76
a86
a96
aa5
ab5
ac5
ad4
ae4
af3
b03
b12
b22
b31
b40
b4f
b5e
b6e
b7d
b8c
b9b
ba9
bb8
bc7
bd6
be4
bf3
c01
c10
c1e
c2c
c3a
c48
c56
c64
c72
c80
c8d
c9b
ca8
cb6
cc3
cd0
cdd
cea
cf7
d04
d11
d1d
d2a
d36
d42
d4e
d5a
d66
d72
d7e
d89
d95
da0
dab
db6
dc1
dcc
dd6
de1
deb
df6
e00
e0a
e14
e1d
e27
e30
e3a
e43
e4c
e55
e5d
e66
e6e
e77
e7f
e87
e8e
e96
e9d
ea5
eac
eb3
eba
ec0
ec7
ecd
ed4
eda
edf
ee5
eeb
ef0
ef5
efa
eff
f04
f08
f0d
f11
f15
f19
f1c
f20
f23
f26
f29
f2c
f2e
f31
f33
f35
f37
f39
f3a
f3c
f3d
f3e
f3f
f3f
f40
f40
f40
f40
f40
f3f
f3f
f3e
f3d
f3c
f3a
f39
f37
f35
f33
f31
f2e
f2c
f29
f26
f23
f20
f1c
f19
f15
f11
f0d
f08
f04
eff
efa
ef5
ef0
eeb
ee5
edf
eda
ed4
ecd
ec7
ec0
eba
eb3
eac
ea5
e9d
e96
e8e
e87
e7f
e77
e6e
e66
e5d
e55
e4c
e43
e3a
e30
e27
e1d
e14
e0a
e00
df6
deb
de1
dd6
dcc
dc1
db6
dab
da0
d95
d89
d7e
d72
d66
d5a
d4e
d42
d36
d2a
d1d
d11
d04
cf7
cea
cdd
cd0
cc3
cb6
ca8
c9b
c8d
c80
c72
c64
c56
c48
c3a
c2c
c1e
c10
c01
bf3
be4
bd6
bc7
bb8
ba9
b9b
b8c
b7d
b6e
b5e
b4f
b40
b31
b22
b12
b03
af3
ae4
ad4
ac5
ab5
aa5
a96
a86
a76
a66
a57
a47
a37
a27
a17
a07
9f7
9e7
9d7
9c7
9b7
9a7
997
987
977
967
957
947
937
927
917
907
8f7
8e7
8d7
8c7
8b7
8a7
897
887
877
867
857
847
837
827
817
808
7f8
7e8
7d8
7c9
7b9
7a9
79a
78a
77b
76b
75c
74c
73d
72e
71e
70f
700
6f1
6e2
6d3
6c4
6b5
6a6
697
688
679
66b
65c
64e
63f
631
622
614
606
5f7
5e9
5db
5cd
5bf
5b1
5a3
596
588
57a
56d
55f
552
544
537
52a
51d
510
502
4f6
4e9
4dc
4cf
4c3
4b6
4a9
49d
491
484
478
46c
460
454
448
43c
431
425
419
40e
402
3f7
3ec
3e1
3d6
3cb
3c0
3b5
3aa
39f
395
38a
380
375
36b
361
357
34d
343
339
32f
325
31b
312
308
2ff
2f6
2ec
2e3
2da
2d1
2c8
2bf
2b6
2ae
2a5
29c
294
28c
283
27b
273
26b
263
25b
253
24b
243
23c
234
22d
225
21e
217
210
208
201
1fa
1f3
1ed
1e6
1df
1d9
1d2
1cc
1c5
1bf
1b8
1b2
1ac
1a6
1a0
19a
194
18e
189
183
17d
178
172
16d
168
162
15d
158
153
14e
149
144
13f
13a
135
131
12c
127
123
11e
11a
116
111
10d
109
105
101
0fd
0f9
0f5
0f1
0ed
0e9
0e6
0e2
0de
0db
0d7
0d4
0d0
0cd
0c9
0c6
0c3
0c0
0bc
0b9
0b6
0b3
0b0
0ad
0aa
0a8
0a5
0a2
09f
09c
09a
097
095
092
08f
08d
08b
088
086
083
081
07f
07d
07a
078
076
074
072
070
06e
06c
06a
068
066
064
062
061
05f
05d
05b
05a
058
056
055
053
052
050
04f
04d
04c
04a
049
048
046
045
044
042
041
040
03e
03d
03c
03b
03a
039
038
036
035
034
033
032
031
030
02f
02e
02d
02d
02c
02b
02a
029
028
027
027
026
025
024
024
023
022
021
021
020
01f
01f
01e
01d
01d
01c
01c
01b
01a
01a
019
019
018
018
017
017
016
016
015
015
014
014
014
013
013
012
012
011
011
011
010
010
010
00f
00f
00f
00e
00e
00e
00d
00d
00d
00c
00c
00c
00c
00b
00b
00b
00b
00a
00a
00a
00a
009
009
009
009
009
008
008
008
008
008
007
007
007
007
007
007
006
006
006
006
006
006
006
005
005
005
005
005
005
005
005
004
004
004
004
004
004
004
004
004
004
003
003
003
003
003
003
003
003
003
003
003
003
003
002
002
002
002
002
002
002
002
002
002
002
002
002
002
002
002
002
002
002
001
001
001
001
001
001
001
001
001
001
001
001
001
001
001
001
001
001
001
001
001
001
001
001
001
001
001
001
001
001
001
001
001
001
001
001
001
001
001
001
000
000
000
000
000
000
000
000
000
000
000
000
000
000
000
000
000
000
000
000
000
000
000
000
000
000
000
000
000
000
000
000
000
000
000
000
000
000
000
000
000
000
000
000
000
000
000
000
000
000
000
000
000
000
000
000
000
000
000
000
000
000
000
000
000
000
000
000
000
000
000
000
000
000
000
000
000
000
000
000
000
000
000
000
000
000
000
000
000
000
000
000
000
000
000
000
000
000
000
000
000
000
000
000
000
000
000
000
000
000
000
000
000
000
000
000
000
000
000
000
000
000
000
000
000
000
000
000
000
000
000
000
000
000
000
000
000
000
000
000
000
000
000
000
000
000
000
000
000
000
000
000
000
000
000
000
000
000
000
000
000
000
000
000
000
000
000
000
000
000
000
000
000
000
000
000
000
000
000
000
000
000
000
000
000
000
000
000
000
000
000
000
000
000
000
000
000
000
000
000
000
000
000
000
000
000
000
000
000
000
000
000
000
000
000
000
000
000
000
000
000
000
000
000
000
000
000
000
000
000
000
000
000
000
000
000
000
000
000
000
000
000
000
000
000
000
000
000
000
000
000
000
000
000
000
000
000
000
000
000
000
000
000
000
000
000
000
000
000
000
000
000
000
000
000
000
000
000
000
000
000
000
000
000
000
000
000
000
000
000
000
000
000
000
000
000
000
000
000
000
000
000
000
000
000
000
000
000
000
000
000
000
000
000
000
000
000
000
000
000
000
000
000
000
000
000
000
000
000
000
000
000
000
000
000
000
000
000
000
000
000
000
000
000
000
000
000
000
000
000
000
000
000
000
000
000
000
000
000
000
000
000
000
000
000
000
000
000
000
000
000
000
000
000
000
000
000
000
000
000
000
000
000
000
000
000
000
000
000
000
000
000
000
000
000
000
000
000
000
000
000
000
000
000
000
000
000
000
000
000
000
000
000
000
000
000
000
000
000
000
000
000
000
000
000
000
000
000
000
000
000
000
000
000
000
000
000
000
000
000
000
000
000
000
000
000
000
000
000
000
000
000
000
000
000
000
000
000
000
000
000
000
000
000
000
000
000
000
000
000
000
000
000
000
000
000
