000
000
000
000
000
000
000
000
000
000
000
000
000
000
000
000
000
000
000
000
000
000
000
000
000
000
000
000
000
000
000
000
000
000
000
000
000
000
000
000
000
000
000
000
000
000
000
000
000
000
000
000
000
000
000
000
000
000
000
000
000
000
000
000
000
000
000
000
000
000
000
000
000
000
000
000
000
000
000
000
000
000
000
000
000
000
000
000
000
000
000
000
000
000
000
000
000
000
000
000
000
000
000
000
000
000
000
000
000
000
000
000
000
000
000
000
000
000
000
000
000
000
000
000
000
000
000
000
000
000
000
000
000
000
000
000
000
000
000
000
000
000
000
000
000
000
000
000
000
000
000
000
000
000
000
000
000
000
000
000
000
000
000
000
000
000
000
000
000
000
000
000
000
000
000
000
000
000
000
000
000
000
000
000
000
000
000
000
000
000
000
000
000
000
000
000
000
000
000
000
000
000
000
000
000
000
000
000
000
000
000
000
000
000
000
000
000
000
000
000
000
000
000
000
000
000
000
000
000
000
000
000
000
000
000
000
000
000
000
000
000
000
000
000
000
000
000
000
000
000
000
000
000
000
000
000
000
000
000
000
000
000
000
000
000
000
000
000
000
000
000
000
000
000
000
000
000
000
000
000
000
000
000
000
000
000
000
000
000
000
000
000
000
000
000
000
000
000
000
000
000
000
000
000
000
000
000
000
000
000
000
000
000
000
000
000
000
000
000
000
000
000
000
000
000
000
000
000
000
000
000
000
000
000
000
000
000
000
000
000
000
000
000
000
000
000
000
000
000
000
000
000
000
000
000
000
000
000
000
000
000
000
000
000
000
000
000
000
000
000
000
000
000
000
000
000
000
000
000
000
000
000
000
000
000
000
000
000
000
000
000
000
000
000
000
000
000
000
000
000
000
000
000
000
000
000
000
000
000
000
000
000
000
000
000
000
000
000
000
000
000
000
000
000
000
000
000
000
000
000
000
000
000
000
000
000
000
000
000
000
000
000
000
000
000
000
000
000
000
000
000
000
000
000
000
000
000
000
000
000
000
000
000
000
000
000
000
000
000
000
000
000
000
000
000
000
000
000
000
000
000
000
000
000
000
000
000
000
000
000
000
000
000
000
000
000
000
000
000
000
000
000
000
000
000
000
000
000
000
000
000
000
000
000
000
000
000
000
000
000
000
000
000
000
000
000
000
000
000
000
000
000
000
000
000
000
000
000
000
000
000
000
000
000
000
000
000
000
000
000
000
000
000
000
000
000
000
000
000
000
000
000
000
000
000
000
000
000
000
000
000
000
000
000
000
000
000
000
000
000
000
000
000
000
000
000
000
001
001
001
001
001
001
001
001
001
001
001
001
001
001
001
001
001
001
001
001
001
001
001
001
001
001
001
001
001
001
001
001
001
002
002
002
002
002
002
002
002
002
002
002
002
002
002
002
003
003
003
003
003
003
003
003
003
003
003
004
004
004
004
004
004
004
004
005
005
005
005
005
005
005
006
006
006
006
006
006
007
007
007
007
007
008
008
008
008
009
009
009
009
00a
00a
00a
00b
00b
00b
00b
00c
00c
00d
00d
00d
00e
00e
00e
00f
00f
010
010
010
011
011
012
012
013
013
014
014
015
016
016
017
017
018
019
019
01a
01b
01b
01c
01d
01e
01e
01f
020
021
022
022
023
024
025
026
027
028
029
02a
02b
02c
02d
02e
030
031
032
033
034
036
037
038
03a
03b
03d
03e
040
041
043
044
046
047
049
04b
04d
04e
050
052
054
056
058
05a
05c
05e
060
062
065
067
069
06c
06e
070
073
075
078
07b
07d
080
083
086
089
08c
08f
092
095
098
09b
09e
0a2
0a5
0a9
0ac
0b0
0b3
0b7
0bb
0bf
0c3
0c7
0cb
0cf
0d3
0d7
0db
0e0
0e4
0e9
0ed
0f2
0f7
0fc
100
105
10a
110
115
11a
11f
125
12a
130
136
13c
141
147
14d
154
15a
160
167
16d
174
17a
181
188
18f
196
19d
1a5
1ac
1b3
1bb
1c3
1ca
1d2
1da
1e2
1eb
1f3
1fb
204
20c
215
21e
227
230
239
242
24c
255
25f
268
272
27c
286
290
29b
2a5
2b0
2ba
2c5
2d0
2db
2e6
2f1
2fc
308
313
31f
32b
337
343
34f
35b
368
374
381
38d
39a
3a7
3b4
3c2
3cf
3dc
3ea
3f8
405
413
421
430
43e
44c
45b
469
478
487
496
4a5
4b4
4c3
4d3
4e2
4f2
502
511
521
531
542
552
562
573
583
594
5a5
5b5
5c6
5d7
5e9
5fa
60b
61c
62e
640
651
663
675
687
699
6ab
6bd
6cf
6e1
6f4
706
719
72b
73e
751
763
776
789
79c
7af
7c2
7d5
7e8
7fb
80e
822
835
848
85c
86f
882
896
8a9
8bd
8d0
8e4
8f7
90b
91e
932
945
959
96c
980
993
9a7
9ba
9ce
9e1
9f5
a08
a1b
a2f
a42
a55
a68
a7c
a8f
aa2
ab5
ac8
adb
aee
b00
b13
b26
b38
b4b
b5d
b70
b82
b94
ba6
bb8
bca
bdc
bee
bff
c11
c22
c33
c45
c56
c66
c77
c88
c98
ca9
cb9
cc9
cd9
ce9
cf9
d08
d17
d27
d36
d44
d53
d62
d70
d7e
d8c
d9a
da8
db5
dc2
dd0
ddc
de9
df6
e02
e0e
e1a
e26
e31
e3c
e47
e52
e5d
e67
e71
e7b
e85
e8e
e98
ea1
eaa
eb2
eba
ec3
eca
ed2
ed9
ee0
ee7
eee
ef4
efa
f00
f06
f0b
f10
f15
f1a
f1e
f22
f26
f2a
f2d
f30
f33
f35
f38
f3a
f3b
f3d
f3e
f3f
f3f
f40
f40
f40
f3f
f3f
f3e
f3d
f3b
f3a
f38
f35
f33
f30
f2d
f2a
f26
f22
f1e
f1a
f15
f10
f0b
f06
f00
efa
ef4
eee
ee7
ee0
ed9
ed2
eca
ec3
eba
eb2
eaa
ea1
e98
e8e
e85
e7b
e71
e67
e5d
e52
e47
e3c
e31
e26
e1a
e0e
e02
df6
de9
ddc
dd0
dc2
db5
da8
d9a
d8c
d7e
d70
d62
d53
d44
d36
d27
d17
d08
cf9
ce9
cd9
cc9
cb9
ca9
c98
c88
c77
c66
c56
c45
c33
c22
c11
bff
bee
bdc
bca
bb8
ba6
b94
b82
b70
b5d
b4b
b38
b26
b13
b00
aee
adb
ac8
ab5
aa2
a8f
a7c
a68
a55
a42
a2f
a1b
a08
9f5
9e1
9ce
9ba
9a7
993
980
96c
959
945
932
91e
90b
8f7
8e4
8d0
8bd
8a9
896
882
86f
85c
848
835
822
80e
7fb
7e8
7d5
7c2
7af
79c
789
776
763
751
73e
72b
719
706
6f4
6e1
6cf
6bd
6ab
699
687
675
663
651
640
62e
61c
60b
5fa
5e9
5d7
5c6
5b5
5a5
594
583
573
562
552
542
531
521
511
502
4f2
4e2
4d3
4c3
4b4
4a5
496
487
478
469
45b
44c
43e
430
421
413
405
3f8
3ea
3dc
3cf
3c2
3b4
3a7
39a
38d
381
374
368
35b
34f
343
337
32b
31f
313
308
2fc
2f1
2e6
2db
2d0
2c5
2ba
2b0
2a5
29b
290
286
27c
272
268
25f
255
24c
242
239
230
227
21e
215
20c
204
1fb
1f3
1eb
1e2
1da
1d2
1ca
1c3
1bb
1b3
1ac
1a5
19d
196
18f
188
181
17a
174
16d
167
160
15a
154
14d
147
141
13c
136
130
12a
125
11f
11a
115
110
10a
105
100
0fc
0f7
0f2
0ed
0e9
0e4
0e0
0db
0d7
0d3
0cf
0cb
0c7
0c3
0bf
0bb
0b7
0b3
0b0
0ac
0a9
0a5
0a2
09e
09b
098
095
092
08f
08c
089
086
083
080
07d
07b
078
075
073
070
06e
06c
069
067
065
062
060
05e
05c
05a
058
056
054
052
050
04e
04d
04b
049
047
046
044
043
041
040
03e
03d
03b
03a
038
037
036
034
033
032
031
030
02e
02d
02c
02b
02a
029
028
027
026
025
024
023
022
022
021
020
01f
01e
01e
01d
01c
01b
01b
01a
019
019
018
017
017
016
016
015
014
014
013
013
012
012
011
011
010
010
010
00f
00f
00e
00e
00e
00d
00d
00d
00c
00c
00b
00b
00b
00b
00a
00a
00a
009
009
009
009
008
008
008
008
007
007
007
007
007
006
006
006
006
006
006
005
005
005
005
005
005
005
004
004
004
004
004
004
004
004
003
003
003
003
003
003
003
003
003
003
003
002
002
002
002
002
002
002
002
002
002
002
002
002
002
002
001
001
001
001
001
001
001
001
001
001
001
001
001
001
001
001
001
001
001
001
001
001
001
001
001
001
001
001
001
001
001
001
001
000
000
000
000
000
000
000
000
000
000
000
000
000
000
000
000
000
000
000
000
000
000
000
000
000
000
000
000
000
000
000
000
000
000
000
000
000
000
000
000
000
000
000
000
000
000
000
000
000
000
000
000
000
000
000
000
000
000
000
000
000
000
000
000
000
000
000
000
000
000
000
000
000
000
000
000
000
000
000
000
000
000
000
000
000
000
000
000
000
000
000
000
000
000
000
000
000
000
000
000
000
000
000
000
000
000
000
000
000
000
000
000
000
000
000
000
000
000
000
000
000
000
000
000
000
000
000
000
000
000
000
000
000
000
000
000
000
000
000
000
000
000
000
000
000
000
000
000
000
000
000
000
000
000
000
000
000
000
000
000
000
000
000
000
000
000
000
000
000
000
000
000
000
000
000
000
000
000
000
000
000
000
000
000
000
000
000
000
000
000
000
000
000
000
000
000
000
000
000
000
000
000
000
000
000
000
000
000
000
000
000
000
000
000
000
000
000
000
000
000
000
000
000
000
000
000
000
000
000
000
000
000
000
000
000
000
000
000
000
000
000
000
000
000
000
000
000
000
000
000
000
000
000
000
000
000
000
000
000
000
000
000
000
000
000
000
000
000
000
000
000
000
000
000
000
000
000
000
000
000
000
000
000
000
000
000
000
000
000
000
000
000
000
000
000
000
000
000
000
000
000
000
000
000
000
000
000
000
000
000
000
000
000
000
000
000
000
000
000
000
000
000
000
000
000
000
000
000
000
000
000
000
000
000
000
000
000
000
000
000
000
000
000
000
000
000
000
000
000
000
000
000
000
000
000
000
000
000
000
000
000
000
000
000
000
000
000
000
000
000
000
000
000
000
000
000
000
000
000
000
000
000
000
000
000
000
000
000
000
000
000
000
000
000
000
000
000
000
000
000
000
000
000
000
000
000
000
000
000
000
000
000
000
000
000
000
000
000
000
000
000
000
000
000
000
000
000
000
000
000
000
000
000
000
000
000
000
000
000
000
000
000
000
000
000
000
000
000
000
000
000
000
000
000
000
000
000
000
000
000
000
000
000
000
000
000
000
000
000
000
000
000
000
000
000
000
000
000
000
000
000
000
000
000
000
000
000
000
000
000
000
000
000
000
000
000
000
000
000
000
000
000
000
000
000
000
000
000
000
000
000
000
000
000
000
000
000
000
000
000
000
000
000
000
000
000
000
000
000
000
000
000
000
000
000
000
000
000
000
000
000
000
000
000
000
000
000
000
000
000
000
000
000
000
000
000
000
000
000
000
000
000
000
000
000
000
000
000
000
000
000
000
000
000
000
000
000
000
000
000
000
000
000
000
000
000
000
