0000
0000
0000
0000
0000
0000
0000
0000
0000
0000
0000
0000
0000
0000
0000
0000
0000
0000
0000
0000
0000
0000
0000
0000
0000
0000
0000
0000
0000
0000
0000
0000
0000
0000
0000
0000
0000
0000
0000
0000
0000
0000
0000
0000
0000
0000
0000
0000
0000
0000
0000
0000
0000
0000
0000
0000
0000
0000
0000
0000
0000
0000
0000
0000
0000
0000
0000
0000
0000
0000
0000
0000
0000
0000
0000
0000
0000
0000
0000
0000
0000
0000
0000
0000
0000
0000
0000
0000
0000
0000
0000
0000
0000
0000
0000
0000
0000
0000
0000
0000
0000
0000
0000
0000
0000
0000
0000
0000
0000
0000
0000
0000
0000
0000
0000
0000
0000
0000
0000
0000
0000
0000
0000
0000
0000
0000
0000
0000
0000
0000
0000
0000
0000
0000
0000
0000
0000
0000
0000
0000
0000
0000
0000
0000
0000
0000
0000
0000
0000
0000
0000
0000
0000
0000
0000
0000
0000
0000
0000
0000
0000
0000
0000
0000
0000
0000
0000
0000
0000
0000
0000
0000
0000
0000
0000
0000
0000
0000
0000
0000
0000
0000
0000
0000
0000
0000
0000
0000
0000
0000
0000
0000
0000
0000
0000
0000
0000
0000
0000
0000
0000
0000
0000
0000
0000
0000
0000
0000
0000
0000
0000
0000
0000
0000
0000
0000
0000
0000
0000
0000
0000
0000
0000
0000
0000
0000
0000
0000
0000
0000
0000
0000
0000
0000
0000
0000
0000
0000
0000
0000
0000
0000
0000
0000
0000
0000
0000
0000
0000
0000
0000
0000
0000
0000
0000
0000
0000
0000
0000
0000
0000
0000
0000
0000
0000
0000
0000
0000
0000
0000
0000
0000
0000
0000
0000
0000
0000
0000
0000
0000
0000
0000
0000
0000
0000
0000
0000
0000
0000
0000
0000
0000
0000
0000
0000
0000
0000
0000
0000
0000
0000
0000
0000
0000
0000
0000
0000
0000
0000
0000
0000
0000
0000
0000
0000
0000
0000
0000
0000
0000
0000
0000
0000
0000
0000
0000
0000
0000
0000
0000
0000
0000
0000
0000
0000
0000
0000
0000
0000
0000
0000
0000
0000
0000
0000
0000
0000
0000
0000
0000
0000
0000
0000
0000
0000
0000
0000
0000
0000
0000
0000
0000
0000
0000
0000
0000
0000
0000
0000
0000
0000
0000
0000
0000
0000
0000
0000
0000
0000
0000
0000
0000
0000
0000
0000
0000
0000
0000
0000
0000
0000
0000
0000
0000
0000
0000
0000
0000
0000
0000
0000
0000
0000
0000
0000
0000
0000
0000
0000
0000
0000
0000
0000
0000
0000
0000
0000
0000
0000
0000
0000
0000
0000
0000
0000
0000
0000
0000
0000
0000
0000
0000
0000
0000
0000
0000
0000
0000
0000
0000
0000
0000
0000
0000
0000
0000
0000
0000
0000
0000
0000
0000
0000
0000
0000
0000
0000
0000
0000
0000
0000
0000
0000
0000
0000
0000
0000
0000
0000
0000
0000
0000
0000
0000
0000
0000
0000
0000
0000
0000
0000
0000
0000
0000
0000
0000
0000
0000
0000
0000
0000
0000
0000
0000
0000
0000
0000
0000
0000
0000
0000
0000
0000
0000
0000
0000
0000
0000
0000
0000
0000
0000
0000
0000
0000
0000
0000
0000
0000
0000
0000
0000
0000
0000
0000
0000
0000
0000
0000
0000
0000
0000
0000
0000
0000
0000
0000
0000
0000
0000
0000
0000
0000
0000
0000
0000
0000
0000
0000
0000
0000
0000
0000
0000
0000
0000
0000
0000
0000
0000
0000
0000
0000
0000
0000
0000
0000
0000
0000
0000
0001
0001
0001
0001
0001
0001
0001
0001
0001
0001
0001
0001
0001
0001
0001
0001
0001
0001
0001
0001
0001
0001
0001
0001
0001
0001
0001
0001
0001
0001
0001
0001
0001
0001
0002
0002
0002
0002
0002
0002
0002
0002
0002
0002
0002
0002
0002
0002
0002
0002
0003
0003
0003
0003
0003
0003
0003
0003
0003
0003
0003
0004
0004
0004
0004
0004
0004
0004
0004
0004
0005
0005
0005
0005
0005
0005
0005
0006
0006
0006
0006
0006
0007
0007
0007
0007
0007
0008
0008
0008
0008
0008
0009
0009
0009
0009
000a
000a
000a
000b
000b
000b
000b
000c
000c
000c
000d
000d
000d
000e
000e
000f
000f
000f
0010
0010
0011
0011
0012
0012
0012
0013
0013
0014
0015
0015
0016
0016
0017
0017
0018
0019
0019
001a
001b
001b
001c
001d
001d
001e
001f
0020
0020
0021
0022
0023
0024
0025
0026
0027
0027
0028
0029
002a
002b
002d
002e
002f
0030
0031
0032
0033
0035
0036
0037
0038
003a
003b
003c
003e
003f
0041
0042
0044
0045
0047
0049
004a
004c
004e
0050
0051
0053
0055
0057
0059
005b
005d
005f
0061
0063
0065
0068
006a
006c
006e
0071
0073
0076
0078
007b
007e
0080
0083
0086
0088
008b
008e
0091
0094
0097
009a
009e
00a1
00a4
00a7
00ab
00ae
00b2
00b5
00b9
00bd
00c1
00c4
00c8
00cc
00d0
00d4
00d8
00dd
00e1
00e5
00ea
00ee
00f3
00f7
00fc
0101
0106
010b
0110
0115
011a
011f
0125
012a
012f
0135
013b
0140
0146
014c
0152
0158
015e
0164
016b
0171
0178
017e
0185
018c
0192
0199
01a0
01a8
01af
01b6
01be
01c5
01cd
01d4
01dc
01e4
01ec
01f4
01fd
0205
020d
0216
021e
0227
0230
0239
0242
024b
0254
025e
0267
0271
027b
0284
028e
0298
02a2
02ad
02b7
02c1
02cc
02d7
02e1
02ec
02f7
0303
030e
0319
0325
0330
033c
0348
0354
0360
036c
0378
0385
0391
039e
03aa
03b7
03c4
03d1
03df
03ec
03f9
0407
0414
0422
0430
043e
044c
045a
0469
0477
0486
0494
04a3
04b2
04c1
04d0
04df
04ee
04fe
050d
051d
052d
053d
054c
055d
056d
057d
058d
059e
05ae
05bf
05cf
05e0
05f1
0602
0613
0624
0636
0647
0658
066a
067b
068d
069f
06b1
06c3
06d5
06e7
06f9
070b
071d
0730
0742
0754
0767
077a
078c
079f
07b2
07c4
07d7
07ea
07fd
0810
0823
0836
0849
085d
0870
0883
0896
08aa
08bd
08d0
08e4
08f7
090a
091e
0931
0945
0958
096c
097f
0992
09a6
09b9
09cd
09e0
09f4
0a07
0a1a
0a2e
0a41
0a54
0a68
0a7b
0a8e
0aa1
0ab4
0ac7
0adb
0aee
0b00
0b13
0b26
0b39
0b4c
0b5e
0b71
0b84
0b96
0ba8
0bbb
0bcd
0bdf
0bf1
0c03
0c15
0c27
0c38
0c4a
0c5b
0c6d
0c7e
0c8f
0ca0
0cb1
0cc2
0cd2
0ce3
0cf3
0d04
0d14
0d24
0d34
0d43
0d53
0d62
0d72
0d81
0d90
0d9f
0dad
0dbc
0dca
0dd8
0de6
0df4
0e02
0e0f
0e1c
0e29
0e36
0e43
0e4f
0e5c
0e68
0e74
0e80
0e8b
0e96
0ea2
0ead
0eb7
0ec2
0ecc
0ed6
0ee0
0eea
0ef3
0efc
0f05
0f0e
0f16
0f1f
0f27
0f2f
0f36
0f3e
0f45
0f4c
0f52
0f59
0f5f
0f65
0f6a
0f70
0f75
0f7a
0f7f
0f83
0f87
0f8b
0f8f
0f92
0f96
0f99
0f9b
0f9e
0fa0
0fa2
0fa3
0fa5
0fa6
0fa7
0fa7
0fa8
0fa8
0fa8
0fa7
0fa7
0fa6
0fa5
0fa3
0fa2
0fa0
0f9e
0f9b
0f99
0f96
0f92
0f8f
0f8b
0f87
0f83
0f7f
0f7a
0f75
0f70
0f6a
0f65
0f5f
0f59
0f52
0f4c
0f45
0f3e
0f36
0f2f
0f27
0f1f
0f16
0f0e
0f05
0efc
0ef3
0eea
0ee0
0ed6
0ecc
0ec2
0eb7
0ead
0ea2
0e96
0e8b
0e80
0e74
0e68
0e5c
0e4f
0e43
0e36
0e29
0e1c
0e0f
0e02
0df4
0de6
0dd8
0dca
0dbc
0dad
0d9f
0d90
0d81
0d72
0d62
0d53
0d43
0d34
0d24
0d14
0d04
0cf3
0ce3
0cd2
0cc2
0cb1
0ca0
0c8f
0c7e
0c6d
0c5b
0c4a
0c38
0c27
0c15
0c03
0bf1
0bdf
0bcd
0bbb
0ba8
0b96
0b84
0b71
0b5e
0b4c
0b39
0b26
0b13
0b00
0aee
0adb
0ac7
0ab4
0aa1
0a8e
0a7b
0a68
0a54
0a41
0a2e
0a1a
0a07
09f4
09e0
09cd
09b9
09a6
0992
097f
096c
0958
0945
0931
091e
090a
08f7
08e4
08d0
08bd
08aa
0896
0883
0870
085d
0849
0836
0823
0810
07fd
07ea
07d7
07c4
07b2
079f
078c
077a
0767
0754
0742
0730
071d
070b
06f9
06e7
06d5
06c3
06b1
069f
068d
067b
066a
0658
0647
0636
0624
0613
0602
05f1
05e0
05cf
05bf
05ae
059e
058d
057d
056d
055d
054c
053d
052d
051d
050d
04fe
04ee
04df
04d0
04c1
04b2
04a3
0494
0486
0477
0469
045a
044c
043e
0430
0422
0414
0407
03f9
03ec
03df
03d1
03c4
03b7
03aa
039e
0391
0385
0378
036c
0360
0354
0348
033c
0330
0325
0319
030e
0303
02f7
02ec
02e1
02d7
02cc
02c1
02b7
02ad
02a2
0298
028e
0284
027b
0271
0267
025e
0254
024b
0242
0239
0230
0227
021e
0216
020d
0205
01fd
01f4
01ec
01e4
01dc
01d4
01cd
01c5
01be
01b6
01af
01a8
01a0
0199
0192
018c
0185
017e
0178
0171
016b
0164
015e
0158
0152
014c
0146
0140
013b
0135
012f
012a
0125
011f
011a
0115
0110
010b
0106
0101
00fc
00f7
00f3
00ee
00ea
00e5
00e1
00dd
00d8
00d4
00d0
00cc
00c8
00c4
00c1
00bd
00b9
00b5
00b2
00ae
00ab
00a7
00a4
00a1
009e
009a
0097
0094
0091
008e
008b
0088
0086
0083
0080
007e
007b
0078
0076
0073
0071
006e
006c
006a
0068
0065
0063
0061
005f
005d
005b
0059
0057
0055
0053
0051
0050
004e
004c
004a
0049
0047
0045
0044
0042
0041
003f
003e
003c
003b
003a
0038
0037
0036
0035
0033
0032
0031
0030
002f
002e
002d
002b
002a
0029
0028
0027
0027
0026
0025
0024
0023
0022
0021
0020
0020
001f
001e
001d
001d
001c
001b
001b
001a
0019
0019
0018
0017
0017
0016
0016
0015
0015
0014
0013
0013
0012
0012
0012
0011
0011
0010
0010
000f
000f
000f
000e
000e
000d
000d
000d
000c
000c
000c
000b
000b
000b
000b
000a
000a
000a
0009
0009
0009
0009
0008
0008
0008
0008
0008
0007
0007
0007
0007
0007
0006
0006
0006
0006
0006
0005
0005
0005
0005
0005
0005
0005
0004
0004
0004
0004
0004
0004
0004
0004
0004
0003
0003
0003
0003
0003
0003
0003
0003
0003
0003
0003
0002
0002
0002
0002
0002
0002
0002
0002
0002
0002
0002
0002
0002
0002
0002
0002
0001
0001
0001
0001
0001
0001
0001
0001
0001
0001
0001
0001
0001
0001
0001
0001
0001
0001
0001
0001
0001
0001
0001
0001
0001
0001
0001
0001
0001
0001
0001
0001
0001
0001
0000
0000
0000
0000
0000
0000
0000
0000
0000
0000
0000
0000
0000
0000
0000
0000
0000
0000
0000
0000
0000
0000
0000
0000
0000
0000
0000
0000
0000
0000
0000
0000
0000
0000
0000
0000
0000
0000
0000
0000
0000
0000
0000
0000
0000
0000
0000
0000
0000
0000
0000
0000
0000
0000
0000
0000
0000
0000
0000
0000
0000
0000
0000
0000
0000
0000
0000
0000
0000
0000
0000
0000
0000
0000
0000
0000
0000
0000
0000
0000
0000
0000
0000
0000
0000
0000
0000
0000
0000
0000
0000
0000
0000
0000
0000
0000
0000
0000
0000
0000
0000
0000
0000
0000
0000
0000
0000
0000
0000
0000
0000
0000
0000
0000
0000
0000
0000
0000
0000
0000
0000
0000
0000
0000
0000
0000
0000
0000
0000
0000
0000
0000
0000
0000
0000
0000
0000
0000
0000
0000
0000
0000
0000
0000
0000
0000
0000
0000
0000
0000
0000
0000
0000
0000
0000
0000
0000
0000
0000
0000
0000
0000
0000
0000
0000
0000
0000
0000
0000
0000
0000
0000
0000
0000
0000
0000
0000
0000
0000
0000
0000
0000
0000
0000
0000
0000
0000
0000
0000
0000
0000
0000
0000
0000
0000
0000
0000
0000
0000
0000
0000
0000
0000
0000
0000
0000
0000
0000
0000
0000
0000
0000
0000
0000
0000
0000
0000
0000
0000
0000
0000
0000
0000
0000
0000
0000
0000
0000
0000
0000
0000
0000
0000
0000
0000
0000
0000
0000
0000
0000
0000
0000
0000
0000
0000
0000
0000
0000
0000
0000
0000
0000
0000
0000
0000
0000
0000
0000
0000
0000
0000
0000
0000
0000
0000
0000
0000
0000
0000
0000
0000
0000
0000
0000
0000
0000
0000
0000
0000
0000
0000
0000
0000
0000
0000
0000
0000
0000
0000
0000
0000
0000
0000
0000
0000
0000
0000
0000
0000
0000
0000
0000
0000
0000
0000
0000
0000
0000
0000
0000
0000
0000
0000
0000
0000
0000
0000
0000
0000
0000
0000
0000
0000
0000
0000
0000
0000
0000
0000
0000
0000
0000
0000
0000
0000
0000
0000
0000
0000
0000
0000
0000
0000
0000
0000
0000
0000
0000
0000
0000
0000
0000
0000
0000
0000
0000
0000
0000
0000
0000
0000
0000
0000
0000
0000
0000
0000
0000
0000
0000
0000
0000
0000
0000
0000
0000
0000
0000
0000
0000
0000
0000
0000
0000
0000
0000
0000
0000
0000
0000
0000
0000
0000
0000
0000
0000
0000
0000
0000
0000
0000
0000
0000
0000
0000
0000
0000
0000
0000
0000
0000
0000
0000
0000
0000
0000
0000
0000
0000
0000
0000
0000
0000
0000
0000
0000
0000
0000
0000
0000
0000
0000
0000
0000
0000
0000
0000
0000
0000
0000
0000
0000
0000
0000
0000
0000
0000
0000
0000
0000
0000
0000
0000
0000
0000
0000
0000
0000
0000
0000
0000
0000
0000
0000
0000
0000
0000
0000
0000
0000
0000
0000
0000
0000
0000
0000
0000
0000
0000
0000
0000
0000
0000
0000
0000
0000
0000
0000
0000
0000
0000
0000
0000
0000
0000
0000
0000
0000
0000
0000
0000
0000
0000
0000
0000
0000
0000
0000
0000
0000
0000
0000
0000
0000
0000
0000
0000
0000
0000
0000
0000
0000
0000
0000
0000
0000
0000
0000
0000
0000
0000
0000
0000
0000
0000
0000
0000
0000
0000
0000
0000
0000
0000
0000
0000
0000
0000
0000
0000
0000
0000
0000
0000
0000
0000
0000
0000
0000
0000
0000
0000
0000
0000
0000
0000
0000
0000
0000
0000
0000
