000
000
000
000
000
000
000
000
000
000
000
000
000
000
000
000
000
000
000
000
000
000
000
000
000
000
000
000
000
000
000
000
000
000
000
000
000
000
000
000
000
000
000
000
000
000
000
000
000
000
000
000
000
000
000
000
000
000
000
000
000
000
000
000
000
000
000
000
000
000
000
000
000
000
000
000
000
000
000
000
000
000
000
000
000
000
000
000
000
000
000
000
000
000
000
000
000
000
000
000
000
000
000
000
000
000
000
000
000
000
000
000
000
000
000
000
000
000
000
000
000
000
000
000
000
000
000
000
000
000
000
000
000
000
000
000
000
000
000
000
000
000
000
000
000
000
000
000
000
000
000
000
000
000
000
000
000
000
000
000
000
000
000
000
000
000
000
000
000
000
000
000
000
000
000
000
000
000
000
000
000
000
000
000
000
000
000
000
000
000
000
000
000
000
000
000
000
000
000
000
000
000
000
000
000
000
000
000
000
000
000
000
000
000
000
000
000
000
000
000
000
000
000
000
000
000
000
000
000
000
000
000
000
000
000
000
000
000
000
000
000
000
000
000
000
000
000
000
000
000
000
000
000
000
000
000
000
000
000
000
000
000
000
000
000
000
000
000
000
000
000
000
000
000
000
000
000
000
000
000
000
000
000
000
000
000
000
000
000
000
000
000
000
000
000
000
000
000
000
000
000
000
000
000
000
000
000
000
000
000
000
000
000
000
000
000
000
000
000
000
000
000
000
000
000
000
000
000
000
000
000
000
000
000
000
000
000
000
000
000
000
000
000
000
000
000
000
000
000
000
000
000
000
000
000
000
000
000
000
000
000
000
000
000
000
000
000
000
000
000
000
000
000
000
000
000
000
000
000
000
000
000
000
000
000
000
000
000
000
000
000
000
000
000
000
000
000
000
000
000
000
000
000
000
000
000
000
000
000
000
000
000
000
000
000
000
000
000
000
000
000
000
000
000
000
000
000
000
000
000
000
000
000
000
000
000
000
000
000
000
000
000
000
000
000
000
000
000
000
000
000
000
000
000
000
000
000
000
000
000
000
000
000
000
000
000
000
000
000
000
000
000
000
000
000
000
000
000
000
000
000
000
000
000
000
000
000
000
000
000
000
000
000
000
000
000
000
000
000
000
000
000
000
000
000
000
000
000
000
000
000
000
000
000
000
000
000
000
000
000
000
000
000
000
000
000
000
000
000
000
000
000
000
000
000
000
000
000
000
000
000
000
000
000
000
000
000
000
000
000
000
000
000
000
000
000
000
000
000
000
000
000
000
000
000
000
000
000
000
000
000
000
000
000
000
000
000
000
000
000
000
000
000
000
000
000
000
000
000
000
000
000
000
000
000
000
000
000
000
000
000
000
000
000
000
000
000
000
000
000
000
000
000
000
000
001
001
001
001
001
001
001
001
001
001
001
001
001
001
001
001
001
001
001
001
001
001
001
001
001
001
001
001
001
001
001
002
002
002
002
002
002
002
002
002
002
002
002
002
002
002
003
003
003
003
003
003
003
003
003
003
004
004
004
004
004
004
004
004
005
005
005
005
005
005
006
006
006
006
006
007
007
007
007
007
008
008
008
008
009
009
009
009
00a
00a
00a
00b
00b
00b
00c
00c
00c
00d
00d
00e
00e
00e
00f
00f
010
010
011
011
012
012
013
013
014
014
015
015
016
017
017
018
019
019
01a
01b
01c
01c
01d
01e
01f
020
020
021
022
023
024
025
026
027
028
029
02a
02c
02d
02e
02f
030
032
033
034
036
037
038
03a
03b
03d
03e
040
041
043
045
047
048
04a
04c
04e
050
052
054
056
058
05a
05c
05e
061
063
065
068
06a
06d
06f
072
075
077
07a
07d
080
083
086
089
08c
08f
092
096
099
09c
0a0
0a3
0a7
0ab
0ae
0b2
0b6
0ba
0be
0c2
0c6
0cb
0cf
0d3
0d8
0dd
0e1
0e6
0eb
0f0
0f5
0fa
0ff
104
109
10f
114
11a
120
125
12b
131
137
13d
144
14a
150
157
15e
164
16b
172
179
180
188
18f
196
19e
1a6
1ae
1b5
1bd
1c6
1ce
1d6
1df
1e7
1f0
1f9
202
20b
214
21e
227
231
23a
244
24e
258
262
26d
277
282
28c
297
2a2
2ad
2b8
2c4
2cf
2db
2e6
2f2
2fe
30a
317
323
330
33c
349
356
363
370
37d
38b
398
3a6
3b4
3c2
3d0
3de
3ed
3fb
40a
418
427
436
446
455
464
474
483
493
4a3
4b3
4c3
4d4
4e4
4f4
505
516
527
538
549
55a
56b
57d
58e
5a0
5b2
5c4
5d6
5e8
5fa
60c
61f
631
644
657
669
67c
68f
6a2
6b5
6c9
6dc
6ef
703
716
72a
73e
751
765
779
78d
7a1
7b5
7c9
7de
7f2
806
81a
82f
843
858
86c
880
895
8aa
8be
8d3
8e7
8fc
911
925
93a
94f
963
978
98c
9a1
9b6
9ca
9df
9f3
a08
a1c
a31
a45
a59
a6e
a82
a96
aaa
abf
ad3
ae7
afa
b0e
b22
b36
b49
b5d
b70
b83
b97
baa
bbd
bd0
be3
bf5
c08
c1a
c2c
c3f
c51
c63
c74
c86
c97
ca9
cba
ccb
cdc
cec
cfd
d0d
d1d
d2d
d3d
d4d
d5c
d6c
d7b
d89
d98
da7
db5
dc3
dd1
dde
dec
df9
e06
e12
e1f
e2b
e37
e43
e4e
e5a
e65
e70
e7a
e84
e8e
e98
ea2
eab
eb4
ebd
ec5
ecd
ed5
edd
ee4
eeb
ef2
ef9
eff
f05
f0b
f10
f15
f1a
f1f
f23
f27
f2b
f2e
f31
f34
f37
f39
f3b
f3c
f3e
f3f
f3f
f40
f40
f40
f3f
f3f
f3e
f3c
f3b
f39
f37
f34
f31
f2e
f2b
f27
f23
f1f
f1a
f15
f10
f0b
f05
eff
ef9
ef2
eeb
ee4
edd
ed5
ecd
ec5
ebd
eb4
eab
ea2
e98
e8e
e84
e7a
e70
e65
e5a
e4e
e43
e37
e2b
e1f
e12
e06
df9
dec
dde
dd1
dc3
db5
da7
d98
d89
d7b
d6c
d5c
d4d
d3d
d2d
d1d
d0d
cfd
cec
cdc
ccb
cba
ca9
c97
c86
c74
c63
c51
c3f
c2c
c1a
c08
bf5
be3
bd0
bbd
baa
b97
b83
b70
b5d
b49
b36
b22
b0e
afa
ae7
ad3
abf
aaa
a96
a82
a6e
a59
a45
a31
a1c
a08
9f3
9df
9ca
9b6
9a1
98c
978
963
94f
93a
925
911
8fc
8e7
8d3
8be
8aa
895
880
86c
858
843
82f
81a
806
7f2
7de
7c9
7b5
7a1
78d
779
765
751
73e
72a
716
703
6ef
6dc
6c9
6b5
6a2
68f
67c
669
657
644
631
61f
60c
5fa
5e8
5d6
5c4
5b2
5a0
58e
57d
56b
55a
549
538
527
516
505
4f4
4e4
4d4
4c3
4b3
4a3
493
483
474
464
455
446
436
427
418
40a
3fb
3ed
3de
3d0
3c2
3b4
3a6
398
38b
37d
370
363
356
349
33c
330
323
317
30a
2fe
2f2
2e6
2db
2cf
2c4
2b8
2ad
2a2
297
28c
282
277
26d
262
258
24e
244
23a
231
227
21e
214
20b
202
1f9
1f0
1e7
1df
1d6
1ce
1c6
1bd
1b5
1ae
1a6
19e
196
18f
188
180
179
172
16b
164
15e
157
150
14a
144
13d
137
131
12b
125
120
11a
114
10f
109
104
0ff
0fa
0f5
0f0
0eb
0e6
0e1
0dd
0d8
0d3
0cf
0cb
0c6
0c2
0be
0ba
0b6
0b2
0ae
0ab
0a7
0a3
0a0
09c
099
096
092
08f
08c
089
086
083
080
07d
07a
077
075
072
06f
06d
06a
068
065
063
061
05e
05c
05a
058
056
054
052
050
04e
04c
04a
048
047
045
043
041
040
03e
03d
03b
03a
038
037
036
034
033
032
030
02f
02e
02d
02c
02a
029
028
027
026
025
024
023
022
021
020
020
01f
01e
01d
01c
01c
01b
01a
019
019
018
017
017
016
015
015
014
014
013
013
012
012
011
011
010
010
00f
00f
00e
00e
00e
00d
00d
00c
00c
00c
00b
00b
00b
00a
00a
00a
009
009
009
009
008
008
008
008
007
007
007
007
007
006
006
006
006
006
005
005
005
005
005
005
004
004
004
004
004
004
004
004
003
003
003
003
003
003
003
003
003
003
002
002
002
002
002
002
002
002
002
002
002
002
002
002
002
001
001
001
001
001
001
001
001
001
001
001
001
001
001
001
001
001
001
001
001
001
001
001
001
001
001
001
001
001
001
001
000
000
000
000
000
000
000
000
000
000
000
000
000
000
000
000
000
000
000
000
000
000
000
000
000
000
000
000
000
000
000
000
000
000
000
000
000
000
000
000
000
000
000
000
000
000
000
000
000
000
000
000
000
000
000
000
000
000
000
000
000
000
000
000
000
000
000
000
000
000
000
000
000
000
000
000
000
000
000
000
000
000
000
000
000
000
000
000
000
000
000
000
000
000
000
000
000
000
000
000
000
000
000
000
000
000
000
000
000
000
000
000
000
000
000
000
000
000
000
000
000
000
000
000
000
000
000
000
000
000
000
000
000
000
000
000
000
000
000
000
000
000
000
000
000
000
000
000
000
000
000
000
000
000
000
000
000
000
000
000
000
000
000
000
000
000
000
000
000
000
000
000
000
000
000
000
000
000
000
000
000
000
000
000
000
000
000
000
000
000
000
000
000
000
000
000
000
000
000
000
000
000
000
000
000
000
000
000
000
000
000
000
000
000
000
000
000
000
000
000
000
000
000
000
000
000
000
000
000
000
000
000
000
000
000
000
000
000
000
000
000
000
000
000
000
000
000
000
000
000
000
000
000
000
000
000
000
000
000
000
000
000
000
000
000
000
000
000
000
000
000
000
000
000
000
000
000
000
000
000
000
000
000
000
000
000
000
000
000
000
000
000
000
000
000
000
000
000
000
000
000
000
000
000
000
000
000
000
000
000
000
000
000
000
000
000
000
000
000
000
000
000
000
000
000
000
000
000
000
000
000
000
000
000
000
000
000
000
000
000
000
000
000
000
000
000
000
000
000
000
000
000
000
000
000
000
000
000
000
000
000
000
000
000
000
000
000
000
000
000
000
000
000
000
000
000
000
000
000
000
000
000
000
000
000
000
000
000
000
000
000
000
000
000
000
000
000
000
000
000
000
000
000
000
000
000
000
000
000
000
000
000
000
000
000
000
000
000
000
000
000
000
000
000
000
000
000
000
000
000
000
000
000
000
000
000
000
000
000
000
000
000
000
000
000
000
000
000
000
000
000
000
000
000
000
000
000
000
000
000
000
000
000
000
000
000
000
000
000
000
000
000
000
000
000
000
000
000
000
000
000
000
000
000
000
000
000
000
000
000
000
000
000
000
000
000
000
000
000
000
000
000
000
000
000
000
000
000
000
000
000
000
000
000
000
000
000
000
000
000
000
000
000
000
000
000
000
000
000
000
000
000
000
000
000
000
000
000
000
000
000
000
000
000
000
000
000
000
000
000
000
000
000
000
000
000
000
000
000
000
000
000
000
000
000
000
000
000
000
000
000
000
000
000
000
000
000
000
000
000
000
000
000
000
000
000
000
000
000
000
000
000
000
000
000
000
000
000
000
000
000
000
000
000
000
000
000
000
000
000
000
000
000
000
000
